-1.659559906
4.406489869
-9.997712504
-3.953348547
-7.064882184
-8.153228105
-6.274795772
-3.088785459
-2.064650515
0.7763346801
-1.616109712
3.704390008
-5.910955005
7.562348728
-9.452248136
3.409350204
-1.653903953
1.173796569
-7.192261228
-6.037970218
6.014891374
9.365231514
-3.731516437
3.846452313
7.527783046
7.89213327
-8.299115773
-9.218904335
-6.603391609
7.562850069
-8.033063323
-1.5778475
9.157790603
0.6633056995
3.837542279
-3.68968738
3.730018554
6.692513438
-9.634234453
5.002886299
9.777221778
4.963313088
-4.391120159
5.785586569
-7.935479868
-1.042129476
8.171910062
-4.127717033
-4.244493228
-7.399428558
-9.612660843
3.576710659
-5.76743768
-4.689066813
-0.1685368144
-8.932749098
1.48235211
-7.065428502
1.786110738
3.9951672
-7.953311423
-1.718880244
3.888003155
-1.716414609
-9.000930821
0.7179281183
3.275892904
0.2977822412
8.89189512
1.73110081
8.068038306
-7.250505917
-7.214473055
6.147825774
-2.04646326
-6.692916058
8.550171608
-3.044682805
5.016242063
4.519959707
7.666121824
2.473444141
5.018848681
-3.02203316
-4.601442165
7.917724364
-1.438176203
9.296800943
3.268829956
2.433914404
-7.705080541
8.989785174
-1.00175733
1.567792288
-1.837263945
-5.259460395
8.067590411
1.473589733
-9.942593459
2.342898272
-3.467101965
0.5411620452
7.718841986
-2.8546048
8.170703018
2.467202316
-9.683575143
8.588744675
3.81793835
9.946457009
-6.553189833
-7.257285007
8.651909261
3.93636323
-8.679996546
5.109261052
5.077523769
8.460490711
4.230495173
-7.514580761
-9.602397323
-9.475780262
-9.43387024
-5.075778648
7.200558974
0.7766212868
1.056439574
6.840617847
-7.516533698
-4.41632642
1.715185429
9.391914966
1.220604385
-9.627054213
6.012653454
-5.340514523
6.142103912
-2.242787119
7.270837091
4.942432855
1.12480468
-7.270895487
-8.80164621
-7.573130885
-9.108962429
-7.850117418
-5.485813228
4.259779608
1.194339641
-9.748880397
-8.560514406
9.3455266
1.362009238
-5.934135307
-4.953485109
4.876517082
-6.091410378
1.627178545
9.400399782
6.93657603
-5.203044817
-0.1246057146
2.399114368
6.579617991
-6.864172107
-9.628475956
-8.599557126
-0.2730977813
2.126589233
1.377028742
-3.652751814
9.772323088
1.594904385
-2.397176548
1.018964382
4.906688618
3.384657869
-4.701608847
-8.673303311
-2.598316042
2.59435014
-5.796519802
5.055111075
-8.669270373
-4.793698028
6.095091275
-6.131314348
2.789217618
0.4934061825
8.496159408
-4.73406459
-8.680778186
4.701319266
5.443560591
8.15631705
8.639441384
-9.72096854
-5.312758278
2.33556714
8.980326414
9.003522385
1.133063764
8.312126995
2.831324179
-2.199845717
-0.2801866581
2.086209658
0.9909584302
8.523628534
8.374668713
-2.102487742
9.265250569
-6.520886666
-7.473409611
-7.298416839
0.1132433135
-9.569503895
8.959404224
6.542309423
-9.699620385
-6.476074888
-3.358728513
-7.380063104
6.189813843
-3.105266946
8.802149647
1.640283599
7.576639688
6.894688908
8.107846374
-0.8023946837
0.9269363204
5.972071823
-4.285622965
-0.1949295476
1.982206153
-9.689334489
1.869628164
-1.32647302
6.147210578
-3.695103938
7.857774171
1.557144306
-6.319795967
5.758584677
2.240623541
-8.921814559
-1.5961264
3.581376731
8.37203556
-9.991959502
9.535182981
-2.468393705
9.475670767
2.094322019
6.57691616
1.494230094
2.561523966
-4.288474366
1.736666813
5.000435274
7.166276729
5.101643769
3.961144969
7.289588601
-3.546380063
3.415775816
-0.9825212717
-2.357944959
-1.783773002
-1.970408331
-3.652321081
2.438387358
-1.395054584
9.476041559
3.556017829
-6.028602231
-1.465979813
-3.133075205
5.952776079
7.599965771
8.076839117
3.254396248
-4.595834759
-4.95266597
7.097958854
0.5542929262
6.04322168
1.449770344
4.662850506
0.3802325493
5.41767821
1.377159814
-0.6858024282
-3.146221841
-8.635813032
-2.441516413
-8.407478446
9.656342275
-6.367742973
6.237173954
7.499232899
3.768265048
1.389888255
-6.780571264
-0.6623995447
-3.096558977
-5.499200844
1.850237375
-3.754603246
8.326111069
8.192710499
-4.857634124
-7.782173985
-6.14074536
-0.008316586422
4.571713359
-5.836111232
-5.039328832
7.033437499
-1.683025635
2.333701343
-5.326677215
-7.960654811
0.3171403394
-0.457180259
-6.946567118
2.436124635
0.8802023763
3.082746939
-7.109089198
5.030556343
-5.559017204
0.3870364873
5.705920564
-9.55339144
-3.512750805
7.458447528
6.894192152
0.7688118519
7.332165483
8.996119827
6.528139953
7.082308877
-8.025131964
3.026086647
4.070339763
2.204816253
5.992305235
-9.308575603
5.404774691
4.634572015
-4.806032134
-4.858614024
2.646066349
-3.094050768
5.93177356
-1.07707536
5.654988296
9.809435672
-3.995033209
-7.139883435
8.026168727
0.8311875777
9.494807417
2.732088
9.878260492
0.9214160829
0.5285186781
-7.291441939
-2.88589658
-9.475628654
-6.79209641
4.912743854
-9.392006201
-2.669138055
7.246925057
3.85355435
3.818842841
-6.227263981
-1.161914385
1.631548147
9.795034153
-5.921875495
-5.045341965
-4.756538325
5.003448266
-0.8604934513
-8.861411232
0.1703248122
-5.760796707
5.972084895
-4.05337237
-9.447879761
1.868648989
6.876808579
-2.379677519
4.997166215
0.2228295659
0.8190360992
9.188686421
6.07921783
-9.353538668
4.187745025
-0.6999703687
8.950978828
-5.571345314
-4.658559606
-8.370520702
-1.427623427
-7.81962472
2.675735212
6.059264747
3.936009922
5.324227622
-3.150917603
6.917029661
-1.4246245
6.480197408
2.529923172
-7.131539027
-8.432262003
-9.633347142
-8.665500047
-0.8283237258
-7.733161545
-9.444333023
5.097229628
-2.102990391
4.938769912
-0.9519034651
-0.99826506
-0.4385498656
-0.5199214688
6.063266842
-1.952149603
8.093723207
-9.258779041
5.477486854
-7.487172377
2.370271338
-9.792714773
0.7725456515
-9.939640868
9.02387571
8.108040674
5.919338839
8.305486398
-7.088835377
-6.845398603
-6.247366542
2.449918046
8.11618992
9.799103567
4.222449175
4.636008183
8.185864091
-1.982525353
-5.002986395
-6.531396584
-7.610858993
6.252211761
-7.064152532
-4.714050345
6.381783573
-3.788254964
9.648348986
-4.667225957
0.6730668994
-3.710659776
8.215456623
-2.668867123
-1.328153455
0.2458538456
8.777729547
-9.381019875
4.337573273
7.820379086
-9.45425553
0.4410249451
-3.480203765
7.189786417
1.170331018
3.804557363
-0.942930001
2.56618075
-4.198062966
-9.813028441
1.5351187
-3.771115717
0.34535197
8.328117061
-1.47050423
-5.052079268
-2.574124774
8.637222333
8.737367626
6.886598971
8.404130286
-5.441994201
-8.250355809
-5.453805274
-3.712467678
-6.504682473
2.141883239
-1.7282717
6.327030237
-6.297392035
4.037530595
-5.192887503
1.484381777
-3.020248056
-8.86071201
-5.423726581
3.282051107
-0.05499813279
0.3803196815
-6.505596998
1.414317031
9.935068504
6.336702176
1.887452477
9.519781367
8.031251693
1.912158672
-9.351473494
-8.128458084
-8.692565699
-0.9653370262
-2.491303337
9.507000685
-6.640334136
9.455751839
5.349497377
6.484756792
2.652316336
3.374655404
-0.4623533296
-9.737272862
-2.939878289
-0.1585639701
4.601824222
-0.6274331451
-0.8519016782
-7.246745181
-9.782225324
5.16556521
-3.600943238
9.687669004
-5.595315477
-3.22583949
0.4779227133
5.097829141
-0.722844322
-7.503549138
-3.74997243
0.09038339402
3.47698016
5.402999126
-7.393284381
-9.541697374
0.3816464442
6.199774213
-9.747924659
3.449396893
3.736164533
-1.015064928
8.295773735
2.887221695
-9.895203247
-0.3114310897
7.186356122
6.607991401
2.983083942
3.473968478
1.569991596
-4.517604497
1.210599811
3.434595696
-2.951407396
7.116567345
-6.09925028
4.946416207
-4.207945076
5.475985745
-1.445253413
6.153968182
-2.929302747
-5.726135247
5.345690168
-3.827161047
4.664901355
4.889463062
-5.572065982
-5.717757264
-6.021041531
-7.149633245
-2.458348016
-9.467442306
-7.781592619
3.491280475
5.995530738
-8.389409457
-5.36595379
-5.847486764
8.346671262
4.226290363
1.077692221
-3.909640242
6.697080953
-1.293880847
8.469124302
4.121036087
-0.4393738407
-7.475797925
9.520871009
-6.803326993
-5.947957496
-1.376364897
-1.915961884
-7.064970385
4.586378387
-6.225098662
2.877912886
5.086119012
-5.785352158
2.019084962
4.978567505
2.764374212
1.942546059
-4.090354287
4.632129425
8.9061688
-1.488772195
5.643636337
-8.877179207
6.70543205
-6.154999664
-2.098062622
-3.998379081
-8.397927124
8.092620059
-2.596916449
0.6139487695
-0.1176746821
-7.356777161
-5.870918822
-8.476223819
0.1584339989
-4.769008963
-2.858767822
-7.838693426
5.751036793
-7.868322464
9.714176474
-6.456776711
1.448102249
-9.103093308
5.742325793
-6.207881044
0.5580795682
4.801550863
-7.001370302
1.021743484
-5.667655833
5.183920986
4.458303871
-6.469019314
7.239331153
-9.60449801
7.204739948
1.178076223
-1.935590558
5.17493862
4.338580034
9.746523496
-4.438299028
-9.924126552
8.678052166
7.157942091
4.57701755
0.3337756584
4.139124905
5.610591138
-2.502481129
5.406450507
5.012486384
2.264224231
-1.962681521
3.946160385
-9.937742843
5.497932934
7.928332049
-5.213685851
-7.584656314
-5.594320244
-3.958065374
7.660570171
0.8633286048
-4.265767008
-7.232906204
-4.197110738
2.277421795
-3.517229402
-0.8527963662
-1.11765786
6.562707215
-1.473036915
-3.086023576
3.499432096
-5.570358885
-0.6550835215
-3.704686254
2.537112043
7.547209494
-1.046219997
5.689148376
-0.8606859888
3.124586634
-7.363180499
-1.340369861
8.186239773
2.109580021
5.335491745
0.09401216192
-0.03888750344
6.857996804
-8.643861313
1.465445431
8.855251509
0.3572009634
-6.110683809
6.958787849
-4.967217153
4.01452073
0.8052188079
8.976725766
2.486734048
6.759559241
-9.841342476
9.786801123
-8.445708593
-3.557409728
8.923047909
-9.821217953
6.454600108
7.224232767
-1.203383716
-4.885096124
6.053790393
-0.4427599114
-7.313227827
8.556979857
7.91939934
-0.1690969997
7.13404993
-1.628439485
3.669298003
-2.040187212
0.114840349
-6.208965943
9.299778482
-4.115686235
-7.930808878
-7.113691995
-9.718154116
4.318913989
1.289966405
5.891567024
0.1415984657
5.83642079
3.915284285
5.556969537
-1.87034262
2.955412664
-6.404114046
-3.563600732
-6.547907598
-1.8272555
-5.171625041
-1.861560117
9.504446849
-3.593613484
9.649818899
2.726122517
-2.498179632
7.149689982
2.391734787
-4.959338397
5.85711356
-1.341229825
-2.849776653
-3.394461269
3.947377512
-4.626997522
6.165560274
-4.094224112
0.8824276717
-0.2415701639
7.107128252
7.767728688
-6.312311153
1.706969179
7.96410092
-1.077655619
8.43736611
-4.420182191
2.176623484
3.649074195
-5.435885333
-9.724649749
-1.665520753
8.769637837
-3.139437803
5.59488591
-6.505273743
-3.160943274
-7.108045583
4.335416283
3.986152474
3.769946359
-4.93207931
3.847202432
-5.454049182
-1.507017681
-2.561557567
-2.893841768
-8.846903855
2.632932537
4.146332054
2.27177389
2.966255123
-6.601185716
-7.011064021
0.2835008705
7.506654527
-6.320931169
-0.7432176258
-1.421353319
-0.05421628161
-6.76978459
-3.151187177
-4.762391918
6.890538865
6.006644916
-1.467216835
2.140309216
-7.090687795
0.1922658844
-4.061058284
7.193019071
3.431967618
2.669480252
-7.504973999
-0.58824241
9.731455592
8.965983481
2.901712805
-6.965502579
2.782536974
1.313242251
-0.6266832468
-1.439250611
1.985395113
6.99939777
5.022420807
1.587210806
8.494083631
-8.705200331
9.826930175
-8.940109147
-6.010089077
-1.544946767
-7.849822476
2.47340822
-9.040148719
-4.30752238
-8.779266378
4.070386622
3.369123352
-2.428388135
-6.236114799
4.940096581
-3.192414185
5.906023348
-0.2419812164
0.513388887
-9.43018301
2.884640398
-2.986869951
-5.415899454
-1.322332476
-2.350650855
-0.6042191983
9.589667084
-2.712438593
5.488202667
1.055351931
7.782621782
-2.900942977
-5.089626396
8.220384793
-9.129314725
9.015068561
1.128138313
-2.472735666
9.901046447
-8.832747077
0.3341271954
-9.378058491
1.423514784
-6.39062982
2.619184007
9.618473515
7.498051024
-0.9632750116
4.169217401
5.549375
-0.1031383163
0.5706698036
-6.984312033
-2.612001488
-7.155574939
4.537875067
-0.459740112
-1.022423266
7.719959423
0.5523754462
-1.818183362
-4.622159556
-8.559759297
-1.637277325
-9.484930352
-4.176921189
0.07019019697
9.3186613
-7.812341716
3.460821084
-0.001352578016
5.541964586
-7.127860043
-8.335947271
-2.015627893
5.93924504
-6.166485222
5.355543843
-4.194040059
-5.662170248
-9.665688218
-2.026818802
-2.378370174
3.186898724
-8.581631991
-6.947920259
-9.668482342
-7.724072871
3.03578552
-1.946862957
-3.579473717
1.158239885
9.869209262
6.68973028
3.992463648
8.365171783
-9.205425866
-8.593331168
-0.5198742002
-3.016651741
8.745041243
-0.2087007771
0.7929822019
7.905207315
-1.067299084
7.540687785
-4.928365013
-4.523805917
-3.432772198
0.9512854096
-5.597426519
3.428583422
-7.144134344
-8.11799451
7.403834924
-5.262625929
-2.27991978
1.430841855
0.516039399
-8.479522411
7.482518712
9.022712368
6.250146083
-4.323963301
0.5569359224
-3.21166552
1.093346216
9.488069378
-3.765941646
3.375932118
-3.480655854
5.48954532
-3.483800668
7.796546829
5.034154418
5.252641909
-0.6104194288
-5.784709951
-9.170498408
-3.563424001
-9.25774671
3.877108227
3.407000639
-1.390564345
5.355779553
0.7201698948
-9.202801467
-7.304137641
-6.13167202
-3.286723977
-8.953741071
2.10233561
0.2412205505
2.34922024
-1.352888105
6.954009365
-0.9188188788
-9.691929604
7.461362969
3.124030955
6.460060813
9.035513861
-8.98175233
-5.298562718
-8.733131131
-1.566842279
7.27658291
-8.367520346
-0.5377609423
-7.489137804
5.457712043
6.828443136
-9.134181236
-0.2711851366
-5.211779117
9.049475634
8.877852556
2.278680048
9.469747947
-3.102773126
7.957014353
-1.308100532
-5.283707257
8.816559264
3.68436102
-8.701768293
7.408497136
4.027605893
2.098537459
4.647497984
-4.93121915
2.009779105
6.292383625
-8.917726794
-7.389786573
6.848916199
2.366917387
0.6257562096
-5.03418542
-4.098428495
7.453723298
-1.566681303
-8.711394888
7.93970139
-5.932383344
6.52455071
7.635412462
-0.2649851036
1.969293862
0.5453491297
2.496425884
7.100834427
-4.357211032
7.675110164
1.353806602
-7.697939181
-5.459976696
1.919647712
-5.211075262
-7.371686789
-6.763045718
6.897450365
2.043673078
9.271341744
-3.086415734
1.912501963
1.979705779
2.314085744
-8.816455856
5.006343691
8.964189964
0.6935811436
-6.148879581
5.0585183
-9.853620613
-3.434877927
8.352126953
1.767346658
7.103805678
2.093441047
6.45156305
7.589670469
-3.58027251
-7.540904569
4.426066884
-1.193058263
-7.465285817
1.796472962
-9.278633709
-5.996357672
5.766023793
-9.7580648
-3.933086566
-9.572480778
9.949699855
1.640599527
-4.13247443
8.578989238
0.142388471
-0.906155449
1.757430126
-4.717247116
-3.894234013
-2.566908466
-5.111040013
1.690945322
3.916922679
-8.561055597
9.421666393
5.061413117
6.123263259
5.032808082
-8.398780455
-0.3660743396
-1.086540872
3.44945301
-1.025254824
4.086267968
3.632906752
3.942970575
2.372014851
-6.980385334
5.216049126
5.620916444
8.082059718
-5.324626148
-6.466422139
-2.178017538
-3.58870692
6.30953858
2.270517993
5.200035047
-1.446698006
-8.011188742
-7.699299759
-2.531857365
-6.12304465
6.414929972
1.992720168
3.77690518
-0.1778007739
-8.236526375
-5.298447266
-0.7679583822
-6.028169939
-9.490475284
4.587953965
4.498334944
-3.392165073
6.869882521
-1.431150481
7.293722895
3.141308492
1.620713148
-5.985450239
0.5909322096
7.888648369
-3.900120483
7.418912183
8.174905457
-3.403108746
3.661487327
7.984418991
-8.486062365
7.571757264
-6.183212735
6.9953782
3.342375774
-3.113216091
-6.9724886
2.70741923
6.955760874
6.436987495
2.564791943
9.126030195
1.798462542
-6.043344307
-1.413385548
-3.265080026
9.838900238
-2.395270078
9.854017473
0.3760850147
-6.55440597
-8.508518575
-2.593886125
-7.531622804
2.690374326
-1.721603085
9.818312651
8.599112473
-7.015279354
-2.102354749
-0.7684057808
1.218975102
5.607270466
-0.2561218185
-1.60012896
-4.760005906
8.216122782
-9.554569769
6.422437964
-6.230632007
3.715137983
-2.895812213
9.484252558
-7.544557411
-6.248602148
7.788849509
1.668126292
-3.815072307
-9.98471229
-5.448045234
-7.091927317
-5.931323513
7.926451136
7.461887565
4.005788753
-0.590046477
6.542720047
-0.0834720583
-2.730226334
-4.487937945
8.494816271
-2.260215315
-0.1423825314
-4.911237954
7.699330377
-2.334730864
-4.048505694
4.351899244
-6.182601137
-7.636147413
6.739955644
4.882718427
1.810410953
-5.142168501
2.464942904
2.767106415
-3.448611118
-8.650213139
7.610771951
-0.8008653785
5.277454361
-4.922227581
1.827743645
-1.424096793
-2.357987149
-7.465732323
-5.114666736
-8.413168341
-3.942833906
4.834096005
2.300314499
3.448221979
-9.832338409
3.567539445
0.06361381086
-5.38183099
-6.50206982
-6.300340689
6.885200102
9.651795786
8.274792497
-3.052611593
5.604491594
0.929091814
6.328847951
-0.3254609762
1.799025966
5.74526895
-7.995307138
0.7401423368
-2.680333067
2.086136873
9.176050313
-2.1435411
-2.140540041
5.812739872
2.901567982
-2.122319843
3.779100965
-1.919967819
-7.277736915
-0.9871346266
-3.311612146
-5.640621399
8.515496033
3.792787982
1.976417812
4.933149442
0.8394212354
4.010661452
8.611196385
7.25233389
-6.65116285
-4.737219522
-8.567794411
9.573456103
-5.272318027
3.211967119
-8.207386021
-5.784581158
0.05648767037
-7.900926633
-2.222531946
0.7597544028
-3.215916302
1.118004223
0.7353664388
-2.187790025
3.925401662
3.56964908
3.746062987
1.229825176
-2.83840172
2.262246707
8.714725332
1.937770499
9.591803487
-1.179867592
4.79223925
-9.247922427
5.29453278
0.3656316065
-9.893669341
-4.455997904
0.6966446504
5.359257566
-8.938148091
0.981068877
6.019891116
2.991661098
8.6289403
-8.5053711
-4.463870748
8.384750085
5.300102966
1.994806889
6.659362877
7.920869832
9.454407057
9.970410142
-7.207013326
-8.589159105
-8.530666913
-9.705124182
9.43640146
-8.104661671
6.834736524
3.703459938
-0.2488566503
-3.066102373
-2.927044259
-4.923222353
8.220359474
4.51285091
-9.481484144
-0.7695749351
-4.373974549
-9.420676276
7.693637886
5.420107159
-3.405298415
5.931171751
-3.507233556
-3.842351124
8.56218157
9.538323239
0.4711060943
9.038703351
7.759929879
0.3606512319
-2.545023958
4.207091566
-0.8871315072
2.104257902
9.808123938
5.478324999
-3.3144719
-8.220035584
-6.301888194
0.5370375178
-1.657951638
6.013193163
8.664046764
-6.442705041
7.201335418
9.147898527
9.189412137
-9.242748246
-8.848329888
-9.884052142
-3.746376877
-8.886031746
-4.122750291
-2.879670279
9.073540369
-0.4609815503
-4.435231152
0.06010390102
2.867158493
-7.775086549
5.161233163
7.038915426
6.884997191
7.810136648
-2.363152065
-1.123896033
-7.968370481
-5.483861551
9.426409385
-4.307520621
8.147922845
7.811045728
8.450089945
-6.877008711
7.59444287
2.639899009
-5.787436432
-3.097681704
-6.801624228
-1.113036851
-8.324500923
-6.69363019
-6.056073071
3.820546831
1.476057383
7.466462681
-5.107318686
2.592159134
-9.311374694
0.3239692215
7.264529634
9.682530878
-9.802540493
-4.943170358
-5.523006593
-9.049248115
-9.796550875
-0.1960937551
-9.090357087
-4.433437383
2.799491382
-4.106159169
-4.606905977
1.810930445
-2.389318456
4.050460679
-0.077520975
2.664185316
-2.93211306
-4.259121077
-7.335857725
8.741607696
6.09671692
8.760570863
-6.292389507
8.663115256
8.715064154
-4.329109728
-4.507315032
1.028631473
-6.294215213
-1.157977787
-6.293647081
8.947518359
-0.1235068502
9.278355348
2.89883345
-0.3136845394
9.353904919
-7.136204366
2.646597493
3.237767357
-1.323203457
-8.812855493
-0.1455479767
-0.6973211296
6.134936215
-4.866780201
-2.17139274
-5.196555856
3.728868303
9.797669067
-6.451409263
6.428934805
-5.380228814
-8.840483733
-7.223669639
8.703062311
7.770842067
-4.21479009
8.955281322
6.998610705
-1.306904119
-0.6390089027
2.597060432
-6.839363301
-9.704358265
-4.689759651
-9.691127361
3.489976883
1.029376716
-3.567037088
5.604046742
-7.084291376
-5.102387225
-4.153724759
-6.08136107
-8.241226325
7.399523605
-8.236227089
3.674206716
-7.591982463
-9.786019937
1.145364601
8.142181104
7.209133347
-3.230972318
-9.456823413
6.017187103
6.119698646
7.369762326
3.392931998
6.155577246
7.949965646
-0.9234009902
1.156506074
0.1226225766
3.83967809
3.658137353
0.4062727173
6.569362962
0.1155877358
6.497171248
-4.363098237
-6.43010334
9.397411407
4.838790509
-4.804166134
1.624706846
9.105245071
-8.384921844
-8.329315859
2.382696628
-5.510130423
5.303679135
1.363050859
3.323761804
-7.843721984
-8.314338971
2.502421366
-1.805374777
-8.254949523
-2.5787211
3.442888193
-6.208251996
7.914582171
8.996927778
9.231450849
4.601651155
-1.874231446
4.874983927
-4.240262415
-3.711655552
2.117927224
1.896942668
7.573219526
-4.907984887
5.323767304
8.820265336
-9.979341347
-0.47821764
3.14080658
6.866464278
-6.325211762
7.12318476
-2.712690403
7.845478586
-9.445765198
-8.292197218
9.628209315
2.190038515
-1.647353064
-6.615716306
2.998023062
-9.260498633
-3.767721731
-3.53041606
2.14883787
3.016625134
6.921091985
8.551618852
3.209154552
1.563478368
-2.025689127
9.332249853
-6.918416563
7.901736173
-3.779738642
0.9697817933
3.641325169
-5.270606973
-6.645266299
0.1696402686
5.837277512
3.848289243
-7.620533257
8.014844301
-0.405248659
8.933533585
1.068674125
-8.303963567
-5.950739287
7.084759458
4.118547335
7.898790403
-3.417079964
0.5600279328
3.00796265
1.885817072
-5.370741289
-1.463573011
-5.037770719
6.912299245
9.733548899
-8.668583937
4.278560645
-3.397688956
2.508707566
-4.837407014
3.020152186
-2.577056311
-4.103582409
8.235263474
8.849977485
2.271000531
-5.710644383
8.788377418
5.009070934
5.021796146
-5.765573303
6.603130523
-5.198096917
2.632414905
4.214791398
4.847668594
-2.194705908
5.196507934
8.058718042
1.748400385
-8.191805686
-7.420480317
-7.894749467
-6.545450734
-7.471382194
5.566017801
-9.211769756
-5.168831653
7.581328027
9.470377217
2.108440155
9.524765291
-9.130969166
8.971455368
-3.774078351
5.979456807
6.212582069
7.199971832
-0.8289837819
8.612887843
-4.842140311
8.688909851
2.382392665
9.708898299
-9.347122681
4.503333177
1.311084708
-0.151519052
-4.815637487
-3.463386303
-5.010755866
-5.614641793
5.99321675
0.04790011797
-8.336202226
5.539683841
0.6729815217
4.787755747
0.3078738629
-2.00108152
9.724935649
-9.435147597
8.655278159
8.617099355
-2.18162577
-5.710702577
2.384265959
-6.440553291
6.064163887
-4.921322882
-4.183876899
8.3183158
8.058336669
0.7076178346
7.256779612
-2.949348624
9.957685564
-1.326205212
-4.103759764
-9.168515321
9.794139076
-0.7022473818
4.691700281
2.816152481
4.461867993
-8.977781923
8.400908108
8.536824358
1.039900543
9.278317774
-4.38088926
2.042932543
-2.070746199
2.560464635
-3.98735423
6.387167693
-8.60428043
-9.162448594
-9.012072307
-6.990899433
-2.092990524
9.107799785
-7.784091206
2.951059716
0.5524301691
-2.93515188
-6.036015414
-5.588118363
-9.123569805
4.263279463
3.076803984
-1.124604146
4.378789762
-7.800480551
8.774383467
6.952534185
3.180713193
-2.423376627
-1.66866542
-0.3569215569
8.7056754
7.271859098
-0.4415230157
1.090369966
7.508077246
8.985288675
2.783695117
4.970406402
-2.967501873
8.360566382
6.735040997
1.041117624
7.352544192
6.997437629
6.168227132
-7.386143512
0.7200514964
8.015662294
5.416636611
-1.585736019
9.557607867
-4.984536867
-3.327795423
9.084010149
6.174306964
8.00680009
-9.768208212
-2.404711339
-5.289560868
-4.081298962
4.759909928
4.481696897
-0.764011796
-2.694510776
1.69383226
0.6741550927
1.01159118
2.309541422
-2.087034555
5.434369648
-4.975936333
3.115215358
9.207942964
-9.928904791
4.467220888
-7.820099321
0.8757498333
2.538320334
-5.141057485
8.276877505
2.446250574
-5.366106172
5.402643752
-7.8898584
1.104506371
-8.100878604
1.619681454
-4.940397746
2.989336159
4.316539057
0.4837122914
3.150428154
6.265876907
6.150245433
2.393639841
-0.9779507576
-1.841000219
7.494952398
4.058634642
-6.301299553
1.314642933
8.176160646
-6.986200155
6.910353511
6.404049326
-0.01317797404
-9.24832297
-7.049949892
8.452773894
-9.116904079
-2.550024672
2.380792695
-6.061039222
9.621595145
-6.880495339
0.7935839032
2.360226487
-5.380201027
-0.6738202158
-0.1798294173
5.337247527
2.685615055
-0.6489989387
3.338850864
-0.9324514696
0.5142318268
3.171360831
-6.376092361
5.760991023
2.057306751
9.606657703
-5.552336129
-0.6746705167
7.912836052
2.028668194
4.519176917
-1.726596716
3.686192437
8.921100597
-5.996278685
6.147305278
9.390760242
-9.708625365
-5.695808268
-7.652461594
5.348470355
-8.375668281
9.968271172
-2.207759682
8.104055319
-6.22844793
-1.182556004
6.89623638
1.905395613
-0.7568380662
0.2529949351
1.477710538
-1.193615848
-6.128820846
-7.720684771
-6.975441453
-8.950180723
1.173528221
6.954420281
-2.817613222
-8.493782547
-1.48551176
2.040156769
-1.491930688
6.214424672
8.837724924
7.398215465
4.079989966
-0.5940215044
3.653960858
-9.731633789
9.64956237
-6.558453363
8.125207919
6.142198033
6.002793688
-4.621278844
-5.616923885
-1.423986142
6.987422015
-0.9924071506
8.70840228
-2.946413455
2.387843314
9.613980727
2.869250445
-9.090035679
-0.728858181
-3.304973126
0.6436309704
-4.305075828
-7.554775395
3.365779775
3.627195098
7.342786
-7.352370129
5.972406166
6.535374768
2.930998715
-5.901557084
-4.771585712
-1.630063649
0.8359814557
-0.4512408882
-0.6508021591
6.796814204
7.402047306
6.335079288
7.556028373
1.420175239
9.280722667
2.130886965
2.078954822
-3.614045259
3.624083682
-8.96068623
-7.30907158
-7.395156649
3.104025744
-6.493348165
-3.177063535
-9.113766883
-5.325312798
9.284486497
0.1827880503
-6.978509631
0.4601706347
8.870187678
7.31372028
-2.158682621
-4.322649681
5.234597254
-5.190313504
-4.915352907
-8.318272916
7.282881895
-1.042021688
1.235725212
4.734219154
5.929777343
-1.04983722
-6.317448876
6.574657031
-9.380040803
8.934565392
1.53955693
7.507774769
2.171308739
-4.966808317
-4.07740153
0.6584511806
9.241564257
-6.31008791
0.1979675629
-3.124237931
5.394506899
6.057329729
-1.508801794
-5.91755
-8.658210793
-6.027034712
-4.551982997
1.975778358
7.461669945
-7.435381223
9.163774834
3.663416877
4.839284714
9.657615718
-1.677984548
0.6316693179
3.584259004
0.2575028518
-4.017753107
-7.892306545
-4.301357086
5.377056966
2.815654089
6.026614064
0.3424106394
-5.357999563
2.55923854
-3.9198902
-9.409425101
8.066623536
-1.592608624
-1.477384392
4.825034707
8.969168086
-8.549689439
-6.545978237
-3.552850217
-5.031515073
-0.09010037278
6.489192216
7.079448299
1.916598841
-5.196525323
-6.270146235
4.867810248
-5.255718847
0.7898178185
4.985615743
-5.435017908
-6.509976249
-9.205286268
-7.048623246
7.028778139
-7.907281765
-5.527099089
-9.344856005
3.527132709
-5.365937171
-1.728165644
-7.213976574
-2.455654248
-1.511250675
-0.5407009628
-1.543163739
-7.944868723
5.451605333
-7.25587993
-1.514152513
-4.560877751
-3.979841138
3.448415452
0.3557344763
-6.19825899
-0.6173112033
-3.209182624
4.089943965
-5.478095951
6.899762747
0.5245932978
0.01239145846
-4.926283862
-6.276886605
-0.5636187452
9.636488357
-7.341875247
-4.330751351
6.012823486
3.29553797
-4.424831826
-3.707047864
-1.601034912
2.055735245
4.386775344
7.146006669
3.622229409
-5.260358711
8.514410707
5.623908014
-3.852370391
-3.900687167
7.623366369
-7.478430392
2.669216685
-4.445745351
6.544006503
-2.709531049
4.667321889
-6.151642192
-0.3710820492
6.071892529
-2.060235767
-6.768519203
2.979644453
5.066516118
-4.396147293
-0.9727627754
8.008978248
7.439712624
4.143752196
1.81801199
6.347645408
8.152892922
-9.949848807
-2.055444675
1.228193674
4.678462726
-8.250544756
-2.004900246
-4.407576411
-1.529798938
-0.04042734653
3.200304471
-0.07527722059
2.409364012
1.648797238
-1.433352039
-9.900472706
-6.109671723
-3.595866914
-7.060437483
1.973277632
2.229989533
0.001865191939
-3.583021968
3.06516104
-6.194330346
-9.882380371
4.698840374
-1.129923162
3.956833121
-6.299133007
-8.74760396
-2.437828264
3.919930209
-7.943632651
-6.083315327
-0.9209469919
2.422983794
5.002484961
-7.805299574
2.492472143
-2.252789557
3.401807375
-5.928792447
0.5583759506
-6.556748901
-9.62637988
-0.2609950715
-6.316444469
2.7668666
0.7314963868
5.4989076
-2.140801947
9.789042617
0.3042939232
-0.4235319763
4.988849415
1.453765866
-2.750693654
-0.2151042908
-6.217232501
-2.128331714
-9.40076495
-0.7494187932
-4.510517744
0.5343172072
-9.414557572
1.10173533
-4.140042327
1.54981362
4.655397065
-1.193243464
3.263136458
-5.221800903
9.971981772
-5.142429568
8.816568288
-5.655604992
-0.0487123079
6.423539298
4.331760936
4.111608242
-1.1911888
5.083500509
8.39907154
-1.172965094
0.5593096831
-8.67928832
-2.184538527
-0.6552286733
7.902754216
-7.788851195
4.622752064
0.909423371
2.13070861
-9.404341117
-7.065052405
-4.320335491
-9.902559041
3.383155956
7.405158978
0.9393661854
0.8632809504
2.314518572
-3.956369992
-2.665360367
1.498794546
6.184331674
-5.968067312
-3.449518883
4.858425008
-3.181595017
-9.047781426
-6.872861426
-6.122702807
-0.09775274878
2.702499222
7.604399544
8.050731128
-3.85678463
5.067601463
-4.351439389
-2.628462605
-4.145468758
-1.726185276
-5.705686087
-3.620279871
-7.561603722
9.260364792
0.07966018798
8.462013652
4.923202815
-0.8458942464
5.092444506
2.560461572
-3.924831317
0.4331862683
4.246243913
-3.893729371
-9.749543262
-4.634743417
5.934909512
8.599861779
2.506623098
-7.343850308
5.151407185
0.5381069209
5.077381432
7.172234061
8.950831022
3.090750692
7.085164197
4.851761154
4.542023768
7.175815125
8.460060815
8.04152003
-2.084994769
-8.319574404
6.591474369
0.7786310662
0.8415230948
6.503506611
-9.360316312
7.559208375
-9.307319973
3.863891168
1.749689587
2.834983617
-2.518396245
-4.490759467
0.1881716288
7.716462343
1.305793407
3.262977829
-1.172415381
9.442781742
4.850449047
-2.901949783
3.070620653
0.8523282374
7.681124248
-4.498918979
-7.838650297
-6.174558965
-2.259075348
7.081195899
-4.583101723
2.527176064
2.471036021
-1.839057293
-8.993297407
4.896677461
-4.085489312
-2.030836069
-2.455208649
3.272052633
-8.273334264
0.9977984094
-9.691563553
9.660779671
1.968544448
-2.31771544
-7.065041385
3.937566529
8.116168334
-3.637824953
5.329842893
-4.250037959
9.144506847
4.046315096
2.500311864
8.614694663
-4.619152255
8.472314927
3.561658682
5.427250144
1.432706729
6.67809355
3.965635986
-7.067825964
2.249222573
-4.413593288
8.317574461
-6.035354196
-4.285670093
-9.046905901
-1.048417119
1.151756303
1.471221652
8.107547599
-3.051721344
-1.049432408
7.02475325
1.536586065
3.079858698
-4.432813392
-0.2505739675
2.419047752
-7.332119397
-9.341825668
-7.731779977
-0.4507784732
-9.519465307
2.524178583
-8.04834764
-4.980769246
-1.470141083
-7.683465066
-4.588960124
-9.578406543
9.700911072
2.231472162
-2.432923223
-9.469432978
-2.203225033
-0.9488274723
8.620063875
-4.429916563
2.295637822
3.303367092
-6.280780604
0.1152669797
5.730015257
-8.068419311
2.120705963
-9.478801346
-9.859065524
-8.809427857
-0.371990817
8.514082174
-1.888852317
-8.499347213
7.22704949
0.3859517094
-3.621282622
9.260646776
8.76523537
-4.799620561
-5.972162926
1.778174066
6.850364197
-3.265578205
1.728588429
-6.75510001
-6.108125295
5.22670432
-6.998030773
-4.681859179
3.789897264
-9.698213847
-9.356111923
-4.2494812
-3.26753639
-2.755677889
6.14381151
-9.280380647
-2.832095107
2.765562665
-7.13991781
7.15477229
2.911288165
-7.69413149
-5.8380518
4.909966615
-1.931867433
-0.310598781
7.749101561
-7.251129008
9.287455948
-9.147406364
-8.011194855
-5.535231381
6.131701645
-0.8825438526
3.065022845
-6.51357725
-6.665561341
0.4169668111
4.805872706
-0.7505106957
7.392281702
3.208238693
-5.018198231
-5.301955584
-2.519065663
5.132321126
8.758753286
7.238119986
-4.767784146
-1.75442144
2.230881989
0.9366891163
-2.214501092
-7.971584462
4.244896088
-8.237296721
7.321548587
7.268968807
4.16901583
-0.2715085238
3.982931308
-2.100258798
5.949919686
5.728341646
-6.889428323
-3.643648993
-3.120336464
-2.716594027
1.332911134
-9.16625115
3.199394379
-5.967364819
-1.670748877
-0.98214687
-3.025464609
-2.334393797
-6.393878783
-8.637398852
1.025132979
1.917338912
-7.090004216
-5.381165834
-4.272457369
6.615027338
-6.931581177
1.042776151
1.362794354
-3.131598138
-2.987656214
9.18224035
1.066878989
3.054624018
-0.1851976711
2.932999633
2.10501571
-7.096534142
-3.306389342
-0.7913201308
-7.443566768
-2.738533528
-5.437167314
6.950052045
-3.1705184
-5.464213587
-1.836371943
3.661280952
-8.687560021
-6.385415728
3.886138778
5.045132096
2.355085592
7.583971211
-6.623996198
4.070954644
8.345203182
-6.985206818
-5.124720452
0.9336914418
-3.11761326
3.812781616
-8.848647631
-6.784717154
4.32476613
9.412373969
8.59100753
8.021339868
-7.445133722
-7.081421639
-8.554704864
0.8508046629
7.649723458
0.6358380013
5.634305708
-6.230924262
7.262225203
-6.251504585
-8.904717479
-1.570179791
1.1020886
9.41484019
-8.164923331
-4.521638135
-7.897858618
-2.191207265
-4.219778336
0.2660069894
-3.034866365
8.564560365
5.798955928
7.220227372
-7.409981081
1.50140334
-5.704349282
7.364771429
-9.699611565
-7.885115697
-2.478858489
-1.958121878
-4.45559834
-8.078740025
-7.625391898
-3.641104923
9.015856682
-5.851868704
4.945606421
-4.83622672
-9.255194888
-9.678955817
-6.945881376
-0.75831614
5.118021951
4.576298639
-2.95221115
-0.4172144247
6.281475068
6.768058128
-3.601665992
-9.914699632
-9.061383135
4.756147552
-4.547354379
-0.3702837563
-6.159374679
6.942258322
0.06755219273
0.5432035144
-4.238408238
0.2399846133
-9.960727092
-4.454099193
-3.024740329
-4.320982274
-8.280955448
0.4356241847
5.769582667
8.851968712
-0.05420415767
1.875077167
-4.182801244
-7.016809822
-7.362566185
4.647215517
4.689388707
-6.412999667
-1.728792404
1.882886558
-7.494361076
5.707378997
2.399844066
2.30443383
4.024161838
9.743661641
1.247889119
7.288325234
-1.625826499
3.089387025
8.505223757
3.283016313
-3.938386481
2.398913877
-2.973633593
-3.552666497
2.204101175
-6.79353536
-0.2652212848
8.9126857
-2.32171516
-6.220748135
-0.6232210072
6.818156629
6.853354452
6.556064789
-9.770489748
-4.659193801
9.997515751
-7.606334456
-0.1982100782
5.800523012
-7.555721798
3.248183614
-0.2383910896
-6.114200358
7.572600532
-6.370252049
2.781057186
4.816537564
1.253457732
2.576831372
-7.620692068
-3.839260259
1.739244145
-2.090725674
3.278921629
7.039092896
-6.195558214
8.065454017
-2.336482991
8.862486615
2.34764626
5.801910423
0.2955085675
0.6228938879
-3.448122025
-7.412705855
-2.323561763
-5.700470384
-9.342694882
-4.502263403
-6.388478947
7.510606301
-8.375268751
-6.322088018
4.080613911
8.38451782
-4.970830955
-9.573977371
9.210089455
3.644412809
-3.786746079
-0.5525311557
1.985117478
-2.522628559
7.489755932
4.523451766
9.086814092
-2.978689543
8.743481774
-0.4179885155
2.846452773
4.732944095
6.18675938
-2.074812654
-1.04108043
6.345540522
4.351144062
8.816984187
9.591957428
-6.421733273
-5.441611764
4.319728946
4.947654693
2.063591085
7.545995284
-4.960190758
-3.210252114
-0.1070630379
-3.699458221
0.9087817868
3.649561586
-5.592661977
-0.2932509206
9.859627153
-3.516773936
-9.29276161
6.347034586
0.06613567199
-8.944322878
7.806100544
-1.9097124
8.585463643
-1.958436524
-8.463354305
-5.093977118
-2.994789886
5.014565847
-6.305036953
-1.380526925
7.464908396
0.6752218275
-7.936905605
-9.509550259
4.116196023
9.582549819
5.703305259
5.294523937
3.508950314
5.910054206
-9.199644287
-4.706367366
3.907950719
7.339766592
3.492137436
-6.47447744
8.726169199
8.067574002
-8.266424677
-6.139999249
-4.496139388
4.768237412
7.187466566
1.566447749
-6.007088587
-1.698202248
-7.242815995
8.347923737
5.290618808
0.2042766761
-0.9284991366
-8.043158433
-3.626492874
-7.587344093
5.646761267
0.8976741335
-5.454452372
-5.515943215
-4.79203605
-3.822544954
-2.245897364
-4.049021352
3.591117891
-9.298527614
-3.437793701
4.905837457
8.856159702
6.054651003
-5.183475809
-5.341690632
-6.193264106
7.649950697
-5.242886255
5.163612468
-4.779005372
-9.338363132
4.668954001
4.524036196
-8.220817781
-3.465974841
8.967305804
-6.741020028
-8.266550547
1.892077762
8.619797307
-7.324433845
0.2602458732
3.679984282
-6.563404808
-9.77480213
7.75366261
-9.295374587
-4.850834324
3.033680635
-4.284341333
-9.805848069
1.509036689
-3.844154433
-6.969718763
9.425666235
-6.700554642
4.544708823
7.81448383
7.174302315
-6.314858657
-5.263829326
-9.63274727
8.628109345
7.742423533
1.909323379
-7.81264689
-6.529147063
1.539207419
-4.96686053
-3.996563335
-6.580253021
-6.208165619
-0.7315769122
0.1974794526
0.2315977933
9.942775987
-7.408083655
5.123397768
5.875134944
1.697651975
-0.7452363946
7.868532747
6.563604381
-8.994181279
9.259675062
-9.853202165
1.462644094
1.448616339
6.687593296
-2.305678641
-8.179182619
1.633745387
-9.503082793
-2.764084782
9.706336042
7.375577391
-6.950065165
5.976521781
6.219938388
8.564144383
-5.512314679
-0.02065051
6.548881828
3.3466757
1.878722868
3.039516415
-5.229679744
-9.489198302
4.725145149
-3.464163493
-2.464862262
2.252321083
3.143300847
-5.942021988
6.520630757
-2.395867895
2.63488817
9.328228313
1.295724705
-2.821777164
2.379402175
0.03586236126
-0.9524750444
4.645414695
8.490203
-0.4145716943
-8.23539698
1.393071134
-5.100982898
-9.20844177
5.762804133
-4.544635267
5.541409859
-0.2358211382
-3.641282178
-3.719490999
-9.159504798
0.6879967381
6.47103112
-8.32209295
-7.828825888
0.5851185374
3.202836192
3.894919847
-3.735566097
-9.244444484
-1.708742406
-5.479116582
-9.977703395
3.714331445
9.041250781
-2.176964789
-3.994031413
1.075036252
7.039525161
5.899348494
3.6951341
-1.357858174
3.808680397
-5.679492975
-4.321131243
5.556412218
8.599602727
-6.199009928
-4.078734212
-9.875794656
-1.368755094
-5.794098565
2.828495651
4.191784314
-7.624445712
-8.357119959
8.126701392
-2.215224905
0.6680699453
9.264831298
5.181080244
-3.489194048
-8.283013978
0.7204803338
-3.277491141
-9.566291909
5.423046665
-2.301817403
1.426423001
5.114857116
8.816948398
2.246446774
-3.692076424
-7.798469843
-8.521622242
-3.606184523
3.216782779
3.903041295
-5.845639199
-8.344081228
-3.889786774
0.9514911971
5.093393489
0.5931464114
-4.260324945
2.483594465
-4.703266896
3.053858287
6.837960157
2.778956407
1.31262938
-3.857157815
7.535540799
9.776437694
5.549588624
1.472877151
-7.174413347
-3.701419552
-2.662813628
-4.162095579
-1.080943705
2.212650337
-5.74170819
-5.004804914
-7.756990336
-3.848228217
-0.05103442831
-0.2038443058
9.911544237
9.622171261
-1.268744566
9.440412436
-5.712041916
0.8224177222
-0.9312937106
9.35217795
6.723524463
-5.717061504
-1.209217957
-6.630460567
0.5817442091
5.869693483
-9.282417021
-6.172822449
9.549111288
9.21594612
1.131833182
2.92181443
-4.558139714
9.041821714
3.395496127
3.336159903
-9.777933333
7.059396997
5.566524374
3.698479938
4.81563626
-6.868551508
4.375501057
-8.063631786
4.138988961
-9.947364077
5.524115749
-0.1688563044
-5.912262674
4.584932289
-3.686917364
7.6763518
-6.395329495
8.771013086
9.415002961
-3.910295119
7.249727994
6.843582377
-1.507745798
-2.726311843
-4.351250535
9.864735689
-4.884979461
8.413511955
-1.433295725
8.708540247
6.776896684
-6.884453488
1.485667087
3.470060294
-1.88359188
-9.90245911
-3.493373405
6.778898959
-8.743520396
-7.891605071
4.03574693
0.2831653551
-0.03666350011
-2.527805621
2.070272333
7.029375338
-4.461538871
6.895227257
-1.667617029
0.01968024788
4.592467571
-4.82556585
8.432738373
4.041389285
2.378608462
-4.539823254
3.916969127
-4.855705031
6.329053407
-9.7705509
-6.669247128
1.156579775
4.245619992
-0.1503869217
7.55619003
9.517398751
-0.7144586491
5.35973959
-0.1045573233
3.301975567
-5.502500401
-7.809165656
9.580178751
6.299893194
-4.292329351
1.716567689
-2.398575894
-6.473239185
-1.623297139
-4.056244116
-9.667517869
-2.25263386
8.418260076
6.564005174
1.481495104
-3.627062704
-5.374714102
9.120391673
1.292201981
-5.647893929
-5.010358978
9.191924051
-5.223717334
-7.865718233
-6.320761205
5.324496138
4.175285119
-1.241161504
5.876090142
0.3502538429
-1.728036777
-7.651161275
7.678221319
-4.488135712
2.325214467
9.691595579
-6.211639559
9.303759836
3.054307369
-7.425367908
5.438542921
9.035515565
1.255610994
3.771103995
-9.473042423
9.78151371
-3.630857604
-9.521924413
6.171283009
9.465051035
4.751770198
-9.945283879
-8.732789773
1.685388105
-3.285697845
7.636669615
7.473387387
9.750378174
4.316639381
7.537673996
-3.606997763
-7.776460962
7.307282116
-3.930548041
-1.613354037
2.920605141
2.101982683
-1.58153831
-2.276989763
-7.546379163
0.6772376861
-5.342918055
5.096157022
3.497411683
-8.561460704
9.785293695
5.609138711
-5.443482262
-9.385143633
-0.4325633786
-2.94515125
0.9302299873
3.193279108
5.944396147
-9.729113063
4.285910278
-4.093720678
9.728051513
6.924834612
1.208023622
1.955313708
-6.15848654
-5.474968228
-6.919736433
-2.443729051
-7.760891113
0.2254578727
2.769559108
-7.555752435
-3.116072821
-8.593042406
0.5152237454
3.005795384
2.309442828
6.277391256
-5.28867527
2.363636837
-3.943429615
-8.224645878
-3.894770569
-8.572870501
9.17148422
4.543308699
-7.970782844
5.725386447
-2.956892798
8.228702806
-0.09005130506
7.45385446
-5.589404105
-2.656153482
-2.663261157
-8.057346368
-3.379711319
3.194196077
-0.6691301725
7.584631395
-4.606594672
-2.903613026
-3.592914197
1.034759412
-6.235611688
-6.53511457
8.789638484
-2.467045725
1.741962698
-8.8969583
-7.182840062
-8.072828963
6.242311359
-7.937064348
0.3263209136
-6.88844204
-4.423664891
7.65204005
2.631875303
9.273254204
1.994287312
-9.809605676
-1.68717989
-9.551164913
-3.720313439
-0.3675013856
1.509186822
-5.226995941
1.165731569
-2.101597318
0.1316437501
-6.080659709
-6.8649678
5.090340152
-3.400535424
2.883913851
1.309111932
7.990618318
7.613672358
-1.137771993
-5.90529827
2.643847506
2.736719507
3.848350068
8.149464055
5.651619561
2.505818717
2.019311908
-5.744819279
3.02730724
6.290003416
8.446449617
8.333002242
1.221976117
-4.803320485
-3.324050864
9.955247311
0.5119557644
6.318133457
1.940323756
0.1386077466
-3.029207694
0.7554105646
-9.86530586
7.533716132
1.229729631
-9.514371494
6.363494907
-7.292912183
-9.387226038
-0.7532919173
9.213133906
-8.127715031
-8.688029677
7.598711524
6.427440831
6.399388445
-0.6436390437
-1.450158109
-1.978633891
1.644300843
4.579413388
5.685840047
3.095983751
1.249323294
-1.752147836
-3.601698759
-4.275044143
-4.076465632
3.655057323
5.248823643
1.95239574
-5.542722155
-6.11209959
5.313722375
9.57387638
-9.681800768
-5.02203716
5.846257435
4.383305955
-5.080400845
1.097847622
1.711715882
4.427685533
-0.7265257757
-1.90303057
-3.839810584
-5.233821832
-8.149932837
2.917667748
3.391408971
3.746869478
-9.937085591
-1.23493935
-7.548932702
0.5321867141
9.594792418
-0.01445978073
-2.507000415
6.276799848
9.364028765
-4.257532449
6.060000795
9.922828747
-7.763515205
0.6209470917
6.27053159
-2.474116327
-1.084509475
5.018051193
-8.033072421
-2.7894739
1.274125106
-5.228288081
6.799075434
5.317019846
9.310851592
0.4597615003
-7.86950684
8.732340461
6.68471979
0.8883632201
6.726045548
7.633818387
5.521622747
1.425079541
2.305974429
6.887813653
2.444332726
-5.870400816
3.829768471
0.6402750015
-4.735058822
-9.984269169
-5.290044774
3.47133396
7.566403994
6.614051385
-7.837852288
-8.57750041
5.231846238
-4.303332558
-4.56393895
-9.959993988
-8.029219787
-7.288059052
-6.812795875
-1.093727948
6.282716294
6.245962307
8.199792434
-1.128159228
4.174210159
-0.2333176376
-9.003148837
-8.391371321
-5.081153296
9.632434572
3.838344586
-4.639848363
4.125264891
3.226922688
-9.134196783
-2.770248307
5.474559668
-8.429541703
7.687682336
8.617365925
7.061710248
-7.652447918
1.303469634
4.151198957
7.759601799
-8.084479414
6.315411691
-4.439673367
1.845747715
4.395914187
5.540382987
-4.10670302
2.147530779
-4.250542516
9.966335006
6.290112159
-1.720441675
7.582843713
4.650022302
8.574938615
-6.567786115
-4.103299902
-8.125266479
-3.640379366
-2.376227725
2.654250792
-0.569601233
4.353379616
-4.61552933
-6.538865616
-2.417547944
-1.238371251
-1.557468644
8.271393733
-4.608659633
-2.959131946
-5.695806797
-2.561539772
-2.202892183
1.508541142
-4.432700428
-4.81015383
4.381227901
8.203574151
-7.558063609
-6.354220585
-7.337807102
3.672153656
-5.719804546
2.091432066
-5.966425304
6.355143874
-3.677857355
3.392335294
-7.025328744
-3.881091058
-4.055171094
2.701598651
3.617610542
6.90497293
-6.333061865
5.208595286
4.238788046
1.150878282
3.003259726
-8.200097939
-7.062483686
-1.688565586
4.227413766
-6.643576728
-2.220417216
-0.04108092225
8.700914538
-8.896075027
6.580149819
9.683196918
-4.65454773
7.801146075
-4.193997224
5.980149964
-0.80285264
1.952172978
-5.266652465
3.752299243
-7.026302678
1.19372998
-0.1134213891
6.744119919
-0.3706296925
5.6946192
-1.994113865
-3.841881331
5.744542728
-1.630714722
-0.06467877573
1.546450626
6.393314758
1.626399493
-1.877141946
-6.78826343
4.042226098
7.664656433
-7.832422242
-0.6757204837
8.690710104
1.27018335
0.9050702821
-8.730489002
0.7060035926
3.090826076
-7.068163087
9.127294553
-6.076984161
3.478519871
-4.513176932
-7.831383323
-4.781983926
-3.31696333
-0.7053624554
-5.312871132
4.550077733
6.14382204
5.819511921
4.314970968
-4.607135077
-5.790844179
-7.817433435
-2.066377972
-8.254667196
3.10779313
8.996578287
5.112665612
-7.662165458
-9.590375026
-3.302223404
9.857523135
-3.74336504
4.750155976
4.330587532
1.451151954
-2.647078847
-5.834686119
9.599984329
-8.6821246
-5.275444961
-3.82201059
8.19006707
4.26738526
-4.692562995
-6.709973941
7.609948271
5.875662649
-9.23225136
7.586016872
1.758794904
-0.8492560603
3.477037538
-9.211144029
-3.393575931
-8.239031644
3.672749296
-2.039765696
-0.4209181645
-4.203933216
5.765890402
-9.069746355