-1.659559906
4.406489869
-9.997712504
-3.953348547
-7.064882184
-8.153228105
-6.274795772
-3.088785459
-2.064650515
0.7763346801
-1.616109712
3.704390008
-5.910955005
7.562348728
-9.452248136
3.409350204
-1.653903953
1.173796569
-7.192261228
-6.037970218
6.014891374
9.365231514
-3.731516437
3.846452313
7.527783046
7.89213327
-8.299115773
-9.218904335
-6.603391609
7.562850069
-8.033063323
-1.5778475
9.157790603
0.6633056995
3.837542279
-3.68968738
3.730018554
6.692513438
-9.634234453
5.002886299
9.777221778
4.963313088
-4.391120159
5.785586569
-7.935479868
-1.042129476
8.171910062
-4.127717033
-4.244493228
-7.399428558
-9.612660843
3.576710659
-5.76743768
-4.689066813
-0.1685368144
-8.932749098
1.48235211
-7.065428502
1.786110738
3.9951672
-7.953311423
-1.718880244
3.888003155
-1.716414609
-9.000930821
0.7179281183
3.275892904
0.2977822412
8.89189512
1.73110081
8.068038306
-7.250505917
-7.214473055
6.147825774
-2.04646326
-6.692916058
8.550171608
-3.044682805
5.016242063
4.519959707
7.666121824
2.473444141
5.018848681
-3.02203316
-4.601442165
7.917724364
-1.438176203
9.296800943
3.268829956
2.433914404
-7.705080541
8.989785174
-1.00175733
1.567792288
-1.837263945
-5.259460395
8.067590411
1.473589733
-9.942593459
2.342898272
-3.467101965
0.5411620452
7.718841986
-2.8546048
8.170703018
2.467202316
-9.683575143
8.588744675
3.81793835
9.946457009
-6.553189833
-7.257285007
8.651909261
3.93636323
-8.679996546
5.109261052
5.077523769
8.460490711
4.230495173
-7.514580761
-9.602397323
-9.475780262
-9.43387024
-5.075778648
7.200558974
0.7766212868
1.056439574
6.840617847
-7.516533698
-4.41632642
1.715185429
9.391914966
1.220604385
-9.627054213
6.012653454
-5.340514523
6.142103912
-2.242787119
7.270837091
4.942432855
1.12480468
-7.270895487
-8.80164621
-7.573130885
-9.108962429
-7.850117418
-5.485813228
4.259779608
1.194339641
-9.748880397
-8.560514406
9.3455266
1.362009238
-5.934135307
-4.953485109
4.876517082
-6.091410378
1.627178545
9.400399782
6.93657603
-5.203044817
-0.1246057146
2.399114368
6.579617991
-6.864172107
-9.628475956
-8.599557126
-0.2730977813
2.126589233
1.377028742
-3.652751814
9.772323088
1.594904385
-2.397176548
1.018964382
4.906688618
3.384657869
-4.701608847
-8.673303311
-2.598316042
2.59435014
-5.796519802
5.055111075
-8.669270373
-4.793698028
6.095091275
-6.131314348
2.789217618
0.4934061825
8.496159408
-4.73406459
-8.680778186
4.701319266
5.443560591
8.15631705
8.639441384
-9.72096854
-5.312758278
2.33556714
8.980326414
9.003522385
1.133063764
8.312126995
2.831324179
-2.199845717
-0.2801866581
2.086209658
0.9909584302
8.523628534
8.374668713
-2.102487742
9.265250569
-6.520886666
-7.473409611
-7.298416839
0.1132433135
-9.569503895
8.959404224
6.542309423
-9.699620385
-6.476074888
-3.358728513
-7.380063104
6.189813843
-3.105266946
8.802149647
1.640283599
7.576639688
6.894688908
8.107846374
-0.8023946837
0.9269363204
5.972071823
-4.285622965
-0.1949295476
1.982206153
-9.689334489
1.869628164
-1.32647302
6.147210578
-3.695103938
7.857774171
1.557144306
-6.319795967
5.758584677
2.240623541
-8.921814559
-1.5961264
3.581376731
8.37203556
-9.991959502
9.535182981
-2.468393705
9.475670767
2.094322019
6.57691616
1.494230094
2.561523966
-4.288474366
1.736666813
5.000435274
7.166276729
5.101643769
3.961144969
7.289588601
-3.546380063
3.415775816
-0.9825212717
-2.357944959
-1.783773002
-1.970408331
-3.652321081
2.438387358
-1.395054584
9.476041559
3.556017829
-6.028602231
-1.465979813
-3.133075205
5.952776079
7.599965771
8.076839117
3.254396248
-4.595834759
-4.95266597
7.097958854
0.5542929262
6.04322168
1.449770344
4.662850506
0.3802325493
5.41767821
1.377159814
-0.6858024282
-3.146221841
-8.635813032
-2.441516413
-8.407478446
9.656342275
-6.367742973
6.237173954
7.499232899
3.768265048
1.389888255
-6.780571264
-0.6623995447
-3.096558977
-5.499200844
1.850237375
-3.754603246
8.326111069
8.192710499
-4.857634124
-7.782173985
-6.14074536
-0.008316586422
4.571713359
-5.836111232
-5.039328832
7.033437499
-1.683025635
2.333701343
-5.326677215
-7.960654811
0.3171403394
-0.457180259
-6.946567118
2.436124635
0.8802023763
3.082746939
-7.109089198
5.030556343
-5.559017204
0.3870364873
5.705920564
-9.55339144
-3.512750805
7.458447528
6.894192152
0.7688118519
7.332165483
8.996119827
6.528139953
7.082308877
-8.025131964
3.026086647
4.070339763
2.204816253
5.992305235
-9.308575603
5.404774691
4.634572015
-4.806032134
-4.858614024
2.646066349
-3.094050768
5.93177356
-1.07707536
5.654988296
9.809435672
-3.995033209
-7.139883435
8.026168727
0.8311875777
9.494807417
2.732088
9.878260492
0.9214160829
0.5285186781
-7.291441939
-2.88589658
-9.475628654
-6.79209641
4.912743854
-9.392006201
-2.669138055
7.246925057
3.85355435
3.818842841
-6.227263981
-1.161914385
1.631548147
9.795034153
-5.921875495
-5.045341965
-4.756538325
5.003448266
-0.8604934513
-8.861411232
0.1703248122
-5.760796707
5.972084895
-4.05337237
-9.447879761
1.868648989
6.876808579
-2.379677519
4.997166215
0.2228295659
0.8190360992
9.188686421
6.07921783
-9.353538668
4.187745025
-0.6999703687
8.950978828
-5.571345314
-4.658559606
-8.370520702
-1.427623427
-7.81962472
2.675735212
6.059264747
3.936009922
5.324227622
-3.150917603
6.917029661
-1.4246245
6.480197408
2.529923172
-7.131539027
-8.432262003
-9.633347142
-8.665500047
-0.8283237258
-7.733161545
-9.444333023
5.097229628
-2.102990391
4.938769912
-0.9519034651
-0.99826506
-0.4385498656
-0.5199214688
6.063266842
-1.952149603
8.093723207
-9.258779041
5.477486854
-7.487172377
2.370271338
-9.792714773
0.7725456515
-9.939640868
9.02387571
8.108040674
5.919338839
8.305486398
-7.088835377
-6.845398603
-6.247366542
2.449918046
8.11618992
9.799103567
4.222449175
4.636008183
8.185864091
-1.982525353
-5.002986395
-6.531396584
-7.610858993
6.252211761
-7.064152532
-4.714050345
6.381783573
-3.788254964
9.648348986
-4.667225957
0.6730668994
-3.710659776
8.215456623
-2.668867123
-1.328153455
0.2458538456
8.777729547
-9.381019875
4.337573273
7.820379086
-9.45425553
0.4410249451
-3.480203765
7.189786417
1.170331018
3.804557363
-0.942930001
2.56618075
-4.198062966
-9.813028441
1.5351187
-3.771115717
0.34535197
8.328117061
-1.47050423
-5.052079268
-2.574124774
8.637222333
8.737367626
6.886598971
8.404130286
-5.441994201
-8.250355809
-5.453805274
-3.712467678
-6.504682473
2.141883239
-1.7282717
6.327030237
-6.297392035
4.037530595
-5.192887503
1.484381777
-3.020248056
-8.86071201
-5.423726581
3.282051107
-0.05499813279
0.3803196815
-6.505596998
1.414317031
9.935068504
6.336702176
1.887452477
9.519781367
8.031251693
1.912158672
-9.351473494
-8.128458084
-8.692565699
-0.9653370262
-2.491303337
9.507000685
-6.640334136
9.455751839
5.349497377
6.484756792
2.652316336
3.374655404
-0.4623533296
-9.737272862
-2.939878289
-0.1585639701
4.601824222
-0.6274331451
-0.8519016782
-7.246745181
-9.782225324
5.16556521
-3.600943238
9.687669004
-5.595315477
-3.22583949
0.4779227133
5.097829141
-0.722844322
-7.503549138
-3.74997243
0.09038339402
3.47698016
5.402999126
-7.393284381
-9.541697374
0.3816464442
6.199774213
-9.747924659
3.449396893
3.736164533
-1.015064928
8.295773735
2.887221695
-9.895203247
-0.3114310897
7.186356122
6.607991401
2.983083942
3.473968478
1.569991596
-4.517604497
1.210599811
3.434595696
-2.951407396
7.116567345
-6.09925028
4.946416207
-4.207945076
5.475985745
-1.445253413
6.153968182
-2.929302747
-5.726135247
5.345690168
-3.827161047
4.664901355
4.889463062
-5.572065982
-5.717757264
-6.021041531
-7.149633245
-2.458348016
-9.467442306
-7.781592619
3.491280475
5.995530738
-8.389409457
-5.36595379
-5.847486764
8.346671262
4.226290363
1.077692221
-3.909640242
6.697080953
-1.293880847
8.469124302
4.121036087
-0.4393738407
-7.475797925
9.520871009
-6.803326993
-5.947957496
-1.376364897
-1.915961884
-7.064970385
4.586378387
-6.225098662
2.877912886
5.086119012
-5.785352158
2.019084962
4.978567505
2.764374212
1.942546059
-4.090354287
4.632129425
8.9061688
-1.488772195
5.643636337
-8.877179207
6.70543205
-6.154999664
-2.098062622
-3.998379081
-8.397927124
8.092620059
-2.596916449
0.6139487695
-0.1176746821
-7.356777161
-5.870918822
-8.476223819
0.1584339989
-4.769008963
-2.858767822
-7.838693426
5.751036793
-7.868322464
9.714176474
-6.456776711
1.448102249
-9.103093308
5.742325793
-6.207881044
0.5580795682
4.801550863
-7.001370302
1.021743484
-5.667655833
5.183920986
4.458303871
-6.469019314
7.239331153
-9.60449801
7.204739948
1.178076223
-1.935590558
5.17493862
4.338580034
9.746523496
-4.438299028
-9.924126552
8.678052166
7.157942091
4.57701755
0.3337756584
4.139124905
5.610591138
-2.502481129
5.406450507
5.012486384
2.264224231
-1.962681521
3.946160385
-9.937742843
5.497932934
7.928332049
-5.213685851
-7.584656314
-5.594320244
-3.958065374
7.660570171
0.8633286048
-4.265767008
-7.232906204
-4.197110738
2.277421795
-3.517229402
-0.8527963662
-1.11765786
6.562707215
-1.473036915
-3.086023576
3.499432096
-5.570358885
-0.6550835215
-3.704686254
2.537112043
7.547209494
-1.046219997
5.689148376
-0.8606859888
3.124586634
-7.363180499
-1.340369861
8.186239773
2.109580021
5.335491745
0.09401216192
-0.03888750344
6.857996804
-8.643861313
1.465445431
8.855251509
0.3572009634
-6.110683809
6.958787849
-4.967217153
4.01452073
0.8052188079
8.976725766
2.486734048
6.759559241
-9.841342476
9.786801123
-8.445708593
-3.557409728
8.923047909
-9.821217953
6.454600108
7.224232767
-1.203383716
-4.885096124
6.053790393
-0.4427599114
-7.313227827
8.556979857
7.91939934
-0.1690969997
7.13404993
-1.628439485
3.669298003
-2.040187212
0.114840349
-6.208965943
9.299778482
-4.115686235
-7.930808878
-7.113691995
-9.718154116
4.318913989
1.289966405
5.891567024
0.1415984657
5.83642079
3.915284285
5.556969537
-1.87034262
2.955412664
-6.404114046
-3.563600732
-6.547907598
-1.8272555
-5.171625041
-1.861560117
9.504446849
-3.593613484
9.649818899
2.726122517
-2.498179632
7.149689982
2.391734787
-4.959338397
5.85711356
-1.341229825
-2.849776653
-3.394461269
3.947377512
-4.626997522
6.165560274
-4.094224112
0.8824276717
-0.2415701639
7.107128252
7.767728688
-6.312311153
1.706969179
7.96410092
-1.077655619
8.43736611
-4.420182191
2.176623484
3.649074195
-5.435885333
-9.724649749
-1.665520753
8.769637837
-3.139437803
5.59488591
-6.505273743
-3.160943274
-7.108045583
4.335416283
3.986152474
3.769946359
-4.93207931
3.847202432
-5.454049182
-1.507017681
-2.561557567
-2.893841768
-8.846903855
2.632932537
4.146332054
2.27177389
2.966255123
-6.601185716
-7.011064021
0.2835008705
7.506654527
-6.320931169
-0.7432176258
-1.421353319
-0.05421628161
-6.76978459
-3.151187177
-4.762391918
6.890538865
6.006644916
-1.467216835
2.140309216
-7.090687795
0.1922658844
-4.061058284
7.193019071
3.431967618
2.669480252
-7.504973999
-0.58824241
9.731455592
8.965983481
2.901712805
-6.965502579
2.782536974
1.313242251
-0.6266832468
-1.439250611
1.985395113
6.99939777
5.022420807
1.587210806
8.494083631
-8.705200331
9.826930175
-8.940109147
-6.010089077
-1.544946767
-7.849822476
2.47340822
-9.040148719
-4.30752238
-8.779266378
4.070386622
3.369123352
-2.428388135
-6.236114799
4.940096581
-3.192414185
5.906023348
-0.2419812164
0.513388887
-9.43018301
2.884640398
-2.986869951
-5.415899454
-1.322332476
-2.350650855
-0.6042191983
9.589667084
-2.712438593
5.488202667
1.055351931
7.782621782
-2.900942977
-5.089626396
8.220384793
-9.129314725
9.015068561
1.128138313
-2.472735666
9.901046447
-8.832747077
0.3341271954
-9.378058491
1.423514784
-6.39062982
2.619184007
9.618473515
7.498051024
-0.9632750116
4.169217401
5.549375
-0.1031383163
0.5706698036
-6.984312033
-2.612001488
-7.155574939
4.537875067
-0.459740112
-1.022423266
7.719959423
0.5523754462
-1.818183362
-4.622159556
-8.559759297
-1.637277325
-9.484930352
-4.176921189
0.07019019697
9.3186613
-7.812341716
3.460821084
-0.001352578016
5.541964586
-7.127860043
-8.335947271
-2.015627893
5.93924504
-6.166485222
5.355543843
-4.194040059
-5.662170248
-9.665688218
-2.026818802
-2.378370174
3.186898724
-8.581631991
-6.947920259
-9.668482342
-7.724072871
3.03578552
-1.946862957
-3.579473717
1.158239885
9.869209262
6.68973028
3.992463648
8.365171783
-9.205425866
-8.593331168
-0.5198742002
-3.016651741
8.745041243
-0.2087007771
0.7929822019
7.905207315
-1.067299084
7.540687785
-4.928365013
-4.523805917
-3.432772198
0.9512854096
-5.597426519
3.428583422
-7.144134344
-8.11799451
7.403834924
-5.262625929
-2.27991978
1.430841855
0.516039399
-8.479522411
7.482518712
9.022712368
6.250146083
-4.323963301
0.5569359224
-3.21166552
1.093346216
9.488069378
-3.765941646
3.375932118
-3.480655854
5.48954532
-3.483800668
7.796546829
5.034154418
5.252641909
-0.6104194288
-5.784709951
-9.170498408
-3.563424001
-9.25774671
3.877108227
3.407000639
-1.390564345
5.355779553
0.7201698948
-9.202801467
-7.304137641
-6.13167202
-3.286723977
-8.953741071
2.10233561
0.2412205505
2.34922024
-1.352888105
6.954009365
-0.9188188788
-9.691929604
7.461362969
3.124030955
6.460060813
9.035513861
-8.98175233
-5.298562718
-8.733131131
-1.566842279
7.27658291
-8.367520346
-0.5377609423
-7.489137804
5.457712043
6.828443136
-9.134181236
-0.2711851366
-5.211779117
9.049475634
8.877852556
2.278680048
9.469747947
-3.102773126
7.957014353
-1.308100532
-5.283707257
8.816559264
3.68436102
-8.701768293
7.408497136
4.027605893
2.098537459
4.647497984
-4.93121915
2.009779105
6.292383625
-8.917726794
-7.389786573
6.848916199
2.366917387
0.6257562096
-5.03418542
-4.098428495
7.453723298
-1.566681303
-8.711394888
7.93970139
-5.932383344
6.52455071
7.635412462
-0.2649851036
1.969293862
0.5453491297
2.496425884
7.100834427
-4.357211032
7.675110164
1.353806602