-1.659559906
4.406489869
-9.997712504
-3.953348547
-7.064882184
-8.153228105
-6.274795772
-3.088785459
-2.064650515
0.7763346801
-1.616109712
3.704390008
-5.910955005
7.562348728
-9.452248136
3.409350204
-1.653903953
1.173796569
-7.192261228
-6.037970218
6.014891374
9.365231514
-3.731516437
3.846452313
7.527783046
7.89213327
-8.299115773
-9.218904335
-6.603391609
7.562850069
-8.033063323
-1.5778475
9.157790603
0.6633056995
3.837542279
-3.68968738
3.730018554
6.692513438
-9.634234453
5.002886299
9.777221778
4.963313088
-4.391120159
5.785586569
-7.935479868
-1.042129476
8.171910062
-4.127717033
-4.244493228
-7.399428558
-9.612660843
3.576710659
-5.76743768
-4.689066813
-0.1685368144
-8.932749098
1.48235211
-7.065428502
1.786110738
3.9951672
-7.953311423
-1.718880244
3.888003155
-1.716414609
-9.000930821
0.7179281183
3.275892904
0.2977822412
8.89189512
1.73110081
8.068038306
-7.250505917
-7.214473055
6.147825774
-2.04646326
-6.692916058
8.550171608
-3.044682805
5.016242063
4.519959707
7.666121824
2.473444141
5.018848681
-3.02203316
-4.601442165
7.917724364
-1.438176203
9.296800943
3.268829956
2.433914404
-7.705080541
8.989785174
-1.00175733
1.567792288
-1.837263945
-5.259460395
8.067590411
1.473589733
-9.942593459
2.342898272
-3.467101965
0.5411620452
7.718841986
-2.8546048
8.170703018
2.467202316
-9.683575143
8.588744675
3.81793835
9.946457009
-6.553189833
-7.257285007
8.651909261
3.93636323
-8.679996546
5.109261052
5.077523769
8.460490711
4.230495173
-7.514580761
-9.602397323
-9.475780262
-9.43387024
-5.075778648
7.200558974
0.7766212868
1.056439574
6.840617847
-7.516533698
-4.41632642
1.715185429
9.391914966
1.220604385
-9.627054213
6.012653454
-5.340514523
6.142103912
-2.242787119
7.270837091
4.942432855
1.12480468
-7.270895487
-8.80164621
-7.573130885
-9.108962429
-7.850117418
-5.485813228
4.259779608
1.194339641
-9.748880397
-8.560514406
9.3455266
1.362009238
-5.934135307
-4.953485109
4.876517082
-6.091410378
1.627178545
9.400399782
6.93657603
-5.203044817
-0.1246057146
2.399114368
6.579617991
-6.864172107
-9.628475956
-8.599557126
-0.2730977813
2.126589233
1.377028742
-3.652751814
9.772323088
1.594904385
-2.397176548
1.018964382
4.906688618
3.384657869
-4.701608847
-8.673303311
-2.598316042
2.59435014
-5.796519802
5.055111075
-8.669270373
-4.793698028
6.095091275
-6.131314348
2.789217618
0.4934061825
8.496159408
-4.73406459
-8.680778186
4.701319266
5.443560591
8.15631705
8.639441384
-9.72096854
-5.312758278
2.33556714
8.980326414
9.003522385
1.133063764
8.312126995
2.831324179
-2.199845717
-0.2801866581
2.086209658
0.9909584302
8.523628534
8.374668713
-2.102487742
9.265250569
-6.520886666
-7.473409611
-7.298416839
0.1132433135
-9.569503895
8.959404224
6.542309423
-9.699620385
-6.476074888
-3.358728513
-7.380063104
6.189813843
-3.105266946
8.802149647
1.640283599
7.576639688
6.894688908
8.107846374
-0.8023946837
0.9269363204
5.972071823
-4.285622965
-0.1949295476
1.982206153
-9.689334489
1.869628164
-1.32647302
6.147210578
-3.695103938
7.857774171
1.557144306
-6.319795967
5.758584677
2.240623541
-8.921814559
-1.5961264
3.581376731
8.37203556
-9.991959502
9.535182981
-2.468393705
9.475670767
2.094322019
6.57691616
1.494230094
2.561523966
-4.288474366
1.736666813
5.000435274
7.166276729
5.101643769
3.961144969
7.289588601
-3.546380063
3.415775816
-0.9825212717
-2.357944959
-1.783773002
-1.970408331
-3.652321081
2.438387358
-1.395054584
9.476041559
3.556017829
-6.028602231
-1.465979813
-3.133075205
5.952776079
7.599965771
8.076839117
3.254396248
-4.595834759
-4.95266597
7.097958854
0.5542929262
6.04322168
1.449770344
4.662850506
0.3802325493
5.41767821
1.377159814
-0.6858024282
-3.146221841
-8.635813032
-2.441516413
-8.407478446
9.656342275
-6.367742973
6.237173954
7.499232899
3.768265048
1.389888255
-6.780571264
-0.6623995447
-3.096558977
-5.499200844
1.850237375
-3.754603246
8.326111069
8.192710499
-4.857634124
-7.782173985
-6.14074536
-0.008316586422
4.571713359
-5.836111232
-5.039328832
7.033437499
-1.683025635
2.333701343
-5.326677215
-7.960654811
0.3171403394
-0.457180259
-6.946567118
2.436124635
0.8802023763
3.082746939
-7.109089198
5.030556343
-5.559017204
0.3870364873
5.705920564
-9.55339144
-3.512750805
7.458447528
6.894192152
0.7688118519
7.332165483
8.996119827
6.528139953
7.082308877
-8.025131964
3.026086647
4.070339763
2.204816253
5.992305235
-9.308575603
5.404774691
4.634572015
-4.806032134
-4.858614024
2.646066349
-3.094050768
5.93177356
-1.07707536
5.654988296
9.809435672
-3.995033209
-7.139883435
8.026168727
0.8311875777
9.494807417
2.732088
9.878260492
0.9214160829
0.5285186781
-7.291441939
-2.88589658
-9.475628654
-6.79209641
4.912743854
-9.392006201
-2.669138055
7.246925057
3.85355435
3.818842841
-6.227263981
-1.161914385
1.631548147
9.795034153
-5.921875495
-5.045341965
-4.756538325
5.003448266
-0.8604934513
-8.861411232
0.1703248122
-5.760796707
5.972084895
-4.05337237
-9.447879761
1.868648989
6.876808579
-2.379677519
4.997166215
0.2228295659
0.8190360992
9.188686421
6.07921783
-9.353538668
4.187745025
-0.6999703687
8.950978828
-5.571345314
-4.658559606
-8.370520702
-1.427623427
-7.81962472
2.675735212
6.059264747
3.936009922
5.324227622
-3.150917603
6.917029661
-1.4246245
6.480197408
2.529923172
-7.131539027
-8.432262003
-9.633347142
-8.665500047
-0.8283237258
-7.733161545
-9.444333023
5.097229628
-2.102990391
4.938769912
-0.9519034651
-0.99826506
-0.4385498656
-0.5199214688
6.063266842
-1.952149603
8.093723207
-9.258779041
5.477486854
-7.487172377
2.370271338
-9.792714773
0.7725456515
-9.939640868
9.02387571
8.108040674
5.919338839
8.305486398
-7.088835377
-6.845398603
-6.247366542
2.449918046
8.11618992
9.799103567
4.222449175
4.636008183
8.185864091
-1.982525353
-5.002986395
-6.531396584
-7.610858993
6.252211761
-7.064152532
-4.714050345
6.381783573
-3.788254964
9.648348986
-4.667225957
0.6730668994
-3.710659776
8.215456623
-2.668867123
-1.328153455
0.2458538456
8.777729547
-9.381019875
4.337573273
7.820379086
-9.45425553
0.4410249451
-3.480203765
7.189786417
1.170331018
3.804557363
-0.942930001
2.56618075
-4.198062966
-9.813028441
1.5351187
-3.771115717
0.34535197
8.328117061
-1.47050423
-5.052079268
-2.574124774
8.637222333
8.737367626
6.886598971
8.404130286
-5.441994201
-8.250355809
-5.453805274
-3.712467678
-6.504682473
2.141883239
-1.7282717
6.327030237
-6.297392035
4.037530595
-5.192887503
1.484381777
-3.020248056
-8.86071201
-5.423726581
3.282051107
-0.05499813279
0.3803196815
-6.505596998
1.414317031
9.935068504
6.336702176
1.887452477
9.519781367
8.031251693
1.912158672
-9.351473494
-8.128458084
-8.692565699
-0.9653370262
-2.491303337
9.507000685
-6.640334136
9.455751839
5.349497377
6.484756792
2.652316336
3.374655404
-0.4623533296
-9.737272862
-2.939878289
-0.1585639701
4.601824222
-0.6274331451
-0.8519016782
-7.246745181
-9.782225324
5.16556521
-3.600943238
9.687669004
-5.595315477
-3.22583949
0.4779227133
5.097829141
-0.722844322
-7.503549138
-3.74997243
0.09038339402
3.47698016
5.402999126
-7.393284381
-9.541697374
0.3816464442
6.199774213
-9.747924659
3.449396893
3.736164533
-1.015064928
8.295773735
2.887221695
-9.895203247
-0.3114310897
7.186356122
6.607991401
2.983083942
3.473968478
1.569991596
-4.517604497
1.210599811
3.434595696
-2.951407396
7.116567345
-6.09925028
4.946416207
-4.207945076
5.475985745
-1.445253413
6.153968182
-2.929302747
-5.726135247
5.345690168
-3.827161047
4.664901355
4.889463062
-5.572065982
-5.717757264
-6.021041531
-7.149633245
-2.458348016
-9.467442306
-7.781592619
3.491280475
5.995530738
-8.389409457
-5.36595379
-5.847486764
8.346671262
4.226290363
1.077692221
-3.909640242
6.697080953
-1.293880847
8.469124302
4.121036087
-0.4393738407
-7.475797925
9.520871009
-6.803326993
-5.947957496
-1.376364897
-1.915961884
-7.064970385
4.586378387
-6.225098662
2.877912886
5.086119012
-5.785352158
2.019084962
4.978567505
2.764374212
1.942546059
-4.090354287
4.632129425
8.9061688
-1.488772195
5.643636337
-8.877179207
6.70543205
-6.154999664
-2.098062622
-3.998379081
-8.397927124
8.092620059
-2.596916449
0.6139487695
-0.1176746821
-7.356777161
-5.870918822
-8.476223819
0.1584339989
-4.769008963
-2.858767822
-7.838693426
5.751036793
-7.868322464
9.714176474
-6.456776711
1.448102249
-9.103093308
5.742325793
-6.207881044
0.5580795682
4.801550863
-7.001370302
1.021743484
-5.667655833
5.183920986
4.458303871
-6.469019314
7.239331153
-9.60449801
7.204739948
1.178076223
-1.935590558
5.17493862
4.338580034
9.746523496
-4.438299028
-9.924126552
8.678052166
7.157942091
4.57701755
0.3337756584
4.139124905
5.610591138
-2.502481129
5.406450507
5.012486384
2.264224231
-1.962681521
3.946160385
-9.937742843
5.497932934
7.928332049
-5.213685851
-7.584656314
-5.594320244
-3.958065374
7.660570171
0.8633286048
-4.265767008
-7.232906204
-4.197110738
2.277421795
-3.517229402
-0.8527963662
-1.11765786
6.562707215
-1.473036915
-3.086023576
3.499432096
-5.570358885
-0.6550835215
-3.704686254
2.537112043
7.547209494
-1.046219997
5.689148376
-0.8606859888
3.124586634
-7.363180499
-1.340369861
8.186239773
2.109580021
5.335491745
0.09401216192
-0.03888750344
6.857996804
-8.643861313
1.465445431
8.855251509
0.3572009634
-6.110683809
6.958787849
-4.967217153
4.01452073
0.8052188079
8.976725766
2.486734048
6.759559241
-9.841342476
9.786801123
-8.445708593
-3.557409728
8.923047909
-9.821217953
6.454600108
7.224232767
-1.203383716
-4.885096124
6.053790393
-0.4427599114
-7.313227827
8.556979857
7.91939934
-0.1690969997
7.13404993
-1.628439485
3.669298003
-2.040187212
0.114840349
-6.208965943
9.299778482
-4.115686235
-7.930808878
-7.113691995
-9.718154116
4.318913989
1.289966405
5.891567024
0.1415984657
5.83642079
3.915284285
5.556969537
-1.87034262
2.955412664
-6.404114046
-3.563600732
-6.547907598
-1.8272555
-5.171625041
-1.861560117
9.504446849
-3.593613484
9.649818899
2.726122517
-2.498179632
7.149689982
2.391734787
-4.959338397
5.85711356
-1.341229825
-2.849776653
-3.394461269
3.947377512
-4.626997522
6.165560274
-4.094224112
0.8824276717
-0.2415701639
7.107128252
7.767728688
-6.312311153
1.706969179
7.96410092
-1.077655619
8.43736611
-4.420182191
2.176623484
3.649074195
-5.435885333
-9.724649749
-1.665520753
8.769637837
-3.139437803
5.59488591
-6.505273743
-3.160943274
-7.108045583
4.335416283
3.986152474
3.769946359
-4.93207931
3.847202432
-5.454049182
-1.507017681
-2.561557567
-2.893841768
-8.846903855
2.632932537
4.146332054
2.27177389
2.966255123
-6.601185716
-7.011064021
0.2835008705
7.506654527
-6.320931169
-0.7432176258
-1.421353319
-0.05421628161
-6.76978459
-3.151187177
-4.762391918
6.890538865
6.006644916
-1.467216835
2.140309216
-7.090687795
0.1922658844
-4.061058284
7.193019071
3.431967618
2.669480252
-7.504973999
-0.58824241
9.731455592
8.965983481
2.901712805
-6.965502579
2.782536974
1.313242251
-0.6266832468
-1.439250611
1.985395113
6.99939777
5.022420807
1.587210806
8.494083631
-8.705200331
9.826930175
-8.940109147
-6.010089077
-1.544946767
-7.849822476
2.47340822
-9.040148719
-4.30752238
-8.779266378
4.070386622
3.369123352
-2.428388135
-6.236114799
4.940096581
-3.192414185
5.906023348
-0.2419812164
0.513388887
-9.43018301
2.884640398
-2.986869951
-5.415899454
-1.322332476
-2.350650855
-0.6042191983
9.589667084
-2.712438593
5.488202667
1.055351931
7.782621782
-2.900942977
-5.089626396
8.220384793
-9.129314725
9.015068561
1.128138313
-2.472735666
9.901046447
-8.832747077
0.3341271954
-9.378058491
1.423514784
-6.39062982
2.619184007
9.618473515
7.498051024
-0.9632750116
4.169217401
5.549375
-0.1031383163
0.5706698036
-6.984312033
-2.612001488
-7.155574939
4.537875067
-0.459740112
-1.022423266
7.719959423
0.5523754462
-1.818183362
-4.622159556
-8.559759297
-1.637277325
-9.484930352
-4.176921189
0.07019019697
9.3186613
-7.812341716
3.460821084
-0.001352578016
5.541964586
-7.127860043
-8.335947271
-2.015627893
5.93924504
-6.166485222
5.355543843
-4.194040059
-5.662170248
-9.665688218
-2.026818802
-2.378370174
3.186898724
-8.581631991
-6.947920259
-9.668482342
-7.724072871
3.03578552
-1.946862957
-3.579473717
1.158239885
9.869209262
6.68973028
3.992463648
8.365171783
-9.205425866
-8.593331168
-0.5198742002
-3.016651741
8.745041243
-0.2087007771
0.7929822019
7.905207315
-1.067299084
7.540687785
-4.928365013
-4.523805917
-3.432772198
0.9512854096
-5.597426519
3.428583422
-7.144134344
-8.11799451
7.403834924
-5.262625929
-2.27991978
1.430841855
0.516039399
-8.479522411
7.482518712
9.022712368
6.250146083
-4.323963301
0.5569359224
-3.21166552
1.093346216
9.488069378
-3.765941646
3.375932118
-3.480655854
5.48954532
-3.483800668
7.796546829
5.034154418
5.252641909
-0.6104194288
-5.784709951
-9.170498408
-3.563424001
-9.25774671
3.877108227
3.407000639
-1.390564345
5.355779553
0.7201698948
-9.202801467
-7.304137641
-6.13167202
-3.286723977
-8.953741071
2.10233561
0.2412205505
2.34922024
-1.352888105
6.954009365
-0.9188188788
-9.691929604
7.461362969
3.124030955
6.460060813
9.035513861
-8.98175233
-5.298562718
-8.733131131
-1.566842279
7.27658291
-8.367520346
-0.5377609423
-7.489137804
5.457712043
6.828443136
-9.134181236
-0.2711851366
-5.211779117
9.049475634
8.877852556
2.278680048
9.469747947
-3.102773126
7.957014353
-1.308100532
-5.283707257
8.816559264
3.68436102
-8.701768293
7.408497136
4.027605893
2.098537459
4.647497984
-4.93121915
2.009779105
6.292383625
-8.917726794
-7.389786573
6.848916199
2.366917387
0.6257562096
-5.03418542
-4.098428495
7.453723298
-1.566681303
-8.711394888
7.93970139
-5.932383344
6.52455071
7.635412462
-0.2649851036
1.969293862
0.5453491297
2.496425884
7.100834427
-4.357211032
7.675110164
1.353806602
-7.697939181
-5.459976696
1.919647712
-5.211075262
-7.371686789
-6.763045718
6.897450365
2.043673078
9.271341744
-3.086415734
1.912501963
1.979705779
2.314085744
-8.816455856
5.006343691
8.964189964
0.6935811436
-6.148879581
5.0585183
-9.853620613
-3.434877927
8.352126953
1.767346658
7.103805678
2.093441047
6.45156305
7.589670469
-3.58027251
-7.540904569
4.426066884
-1.193058263
-7.465285817
1.796472962
-9.278633709
-5.996357672
5.766023793
-9.7580648
-3.933086566
-9.572480778
9.949699855
1.640599527
-4.13247443
8.578989238
0.142388471
-0.906155449
1.757430126
-4.717247116
-3.894234013
-2.566908466
-5.111040013
1.690945322
3.916922679
-8.561055597
9.421666393
5.061413117
6.123263259
5.032808082
-8.398780455
-0.3660743396
-1.086540872
3.44945301
-1.025254824
4.086267968
3.632906752
3.942970575
2.372014851
-6.980385334
5.216049126
5.620916444
8.082059718
-5.324626148
-6.466422139
-2.178017538
-3.58870692
6.30953858
2.270517993
5.200035047
-1.446698006
-8.011188742
-7.699299759
-2.531857365
-6.12304465
6.414929972
1.992720168
3.77690518
-0.1778007739
-8.236526375
-5.298447266
-0.7679583822
-6.028169939
-9.490475284
4.587953965
4.498334944
-3.392165073
6.869882521
-1.431150481
7.293722895
3.141308492
1.620713148
-5.985450239
0.5909322096
7.888648369
-3.900120483
7.418912183
8.174905457
-3.403108746
3.661487327
7.984418991
-8.486062365
7.571757264
-6.183212735
6.9953782
3.342375774
-3.113216091
-6.9724886
2.70741923
6.955760874
6.436987495
2.564791943
9.126030195
1.798462542
-6.043344307
-1.413385548
-3.265080026
9.838900238
-2.395270078
9.854017473
0.3760850147
-6.55440597
-8.508518575
-2.593886125
-7.531622804
2.690374326
-1.721603085
9.818312651
8.599112473
-7.015279354
-2.102354749
-0.7684057808
1.218975102
5.607270466
-0.2561218185
-1.60012896
-4.760005906
8.216122782
-9.554569769
6.422437964
-6.230632007
3.715137983
-2.895812213
9.484252558
-7.544557411
-6.248602148
7.788849509
1.668126292
-3.815072307
-9.98471229
-5.448045234
-7.091927317
-5.931323513
7.926451136
7.461887565
4.005788753
-0.590046477
6.542720047
-0.0834720583
-2.730226334
-4.487937945
8.494816271
-2.260215315
-0.1423825314
-4.911237954
7.699330377
-2.334730864
-4.048505694
4.351899244
-6.182601137
-7.636147413
6.739955644
4.882718427
1.810410953
-5.142168501
2.464942904
2.767106415
-3.448611118
-8.650213139
7.610771951
-0.8008653785
5.277454361
-4.922227581
1.827743645
-1.424096793
-2.357987149
-7.465732323
-5.114666736
-8.413168341
-3.942833906
4.834096005
2.300314499
3.448221979
-9.832338409
3.567539445
0.06361381086
-5.38183099
-6.50206982
-6.300340689
6.885200102
9.651795786
8.274792497
-3.052611593
5.604491594
0.929091814
6.328847951
-0.3254609762
1.799025966
5.74526895
-7.995307138
0.7401423368
-2.680333067
2.086136873
9.176050313
-2.1435411
-2.140540041
5.812739872
2.901567982
-2.122319843
3.779100965
-1.919967819
-7.277736915
-0.9871346266
-3.311612146
-5.640621399
8.515496033
3.792787982
1.976417812
4.933149442
0.8394212354
4.010661452
8.611196385
7.25233389
-6.65116285
-4.737219522
-8.567794411
9.573456103
-5.272318027
3.211967119
-8.207386021
-5.784581158
0.05648767037
-7.900926633
-2.222531946
0.7597544028
-3.215916302
1.118004223
0.7353664388
-2.187790025
3.925401662
3.56964908
3.746062987
1.229825176
-2.83840172
2.262246707
8.714725332
1.937770499
9.591803487
-1.179867592
4.79223925
-9.247922427
5.29453278
0.3656316065
-9.893669341
-4.455997904
0.6966446504
5.359257566
-8.938148091
0.981068877
6.019891116
2.991661098
8.6289403
-8.5053711
-4.463870748
8.384750085
5.300102966
1.994806889
6.659362877
7.920869832
9.454407057
9.970410142
-7.207013326
-8.589159105
-8.530666913
-9.705124182
9.43640146
-8.104661671
6.834736524
3.703459938
-0.2488566503
-3.066102373
-2.927044259
-4.923222353
8.220359474
4.51285091
-9.481484144
-0.7695749351
-4.373974549
-9.420676276
7.693637886
5.420107159
-3.405298415
5.931171751
-3.507233556
-3.842351124
8.56218157
9.538323239
0.4711060943
9.038703351
7.759929879
0.3606512319
-2.545023958
4.207091566
-0.8871315072
2.104257902
9.808123938
5.478324999
-3.3144719
-8.220035584
-6.301888194
0.5370375178
-1.657951638
6.013193163
8.664046764
-6.442705041
7.201335418
9.147898527
9.189412137
-9.242748246
-8.848329888
-9.884052142
-3.746376877
-8.886031746
-4.122750291
-2.879670279
9.073540369
-0.4609815503
-4.435231152
0.06010390102
2.867158493
-7.775086549
5.161233163
7.038915426
6.884997191
7.810136648
-2.363152065
-1.123896033
-7.968370481
-5.483861551
9.426409385
-4.307520621
8.147922845
7.811045728
8.450089945
-6.877008711
7.59444287
2.639899009
-5.787436432
-3.097681704
-6.801624228
-1.113036851
-8.324500923
-6.69363019
-6.056073071
3.820546831
1.476057383
7.466462681
-5.107318686
2.592159134
-9.311374694
0.3239692215
7.264529634
9.682530878
-9.802540493
-4.943170358
-5.523006593
-9.049248115
-9.796550875
-0.1960937551
-9.090357087
-4.433437383
2.799491382
-4.106159169
-4.606905977
1.810930445
-2.389318456
4.050460679
-0.077520975
2.664185316
-2.93211306
-4.259121077
-7.335857725
8.741607696
6.09671692
8.760570863
-6.292389507
8.663115256
8.715064154
-4.329109728
-4.507315032
1.028631473
-6.294215213
-1.157977787
-6.293647081
8.947518359
-0.1235068502
9.278355348
2.89883345
-0.3136845394
9.353904919
-7.136204366
2.646597493
3.237767357
-1.323203457
-8.812855493
-0.1455479767
-0.6973211296
6.134936215
-4.866780201
-2.17139274
-5.196555856
3.728868303
9.797669067
-6.451409263
6.428934805
-5.380228814
-8.840483733
-7.223669639
8.703062311
7.770842067
-4.21479009
8.955281322
6.998610705
-1.306904119
-0.6390089027
2.597060432
-6.839363301
-9.704358265
-4.689759651
-9.691127361
3.489976883
1.029376716
-3.567037088
5.604046742
-7.084291376
-5.102387225
-4.153724759
-6.08136107
-8.241226325
7.399523605
-8.236227089
3.674206716
-7.591982463
-9.786019937
1.145364601
8.142181104
7.209133347
-3.230972318
-9.456823413
6.017187103
6.119698646
7.369762326
3.392931998
6.155577246
7.949965646
-0.9234009902
1.156506074
0.1226225766
3.83967809
3.658137353
0.4062727173
6.569362962
0.1155877358
6.497171248
-4.363098237
-6.43010334
9.397411407
4.838790509
-4.804166134
1.624706846
9.105245071
-8.384921844
-8.329315859
2.382696628
-5.510130423
5.303679135
1.363050859
3.323761804
-7.843721984
-8.314338971
2.502421366
-1.805374777
-8.254949523
-2.5787211
3.442888193
-6.208251996
7.914582171
8.996927778
9.231450849
4.601651155
-1.874231446
4.874983927
-4.240262415
-3.711655552
2.117927224
1.896942668
7.573219526
-4.907984887
5.323767304
8.820265336
-9.979341347
-0.47821764
3.14080658
6.866464278
-6.325211762
7.12318476
-2.712690403
7.845478586
-9.445765198
-8.292197218
9.628209315
2.190038515
-1.647353064
-6.615716306
2.998023062
-9.260498633
-3.767721731
-3.53041606
2.14883787
3.016625134
6.921091985
8.551618852
3.209154552
1.563478368
-2.025689127
9.332249853
-6.918416563
7.901736173
-3.779738642
0.9697817933
3.641325169
-5.270606973
-6.645266299
0.1696402686
5.837277512
3.848289243
-7.620533257
8.014844301
-0.405248659
8.933533585
1.068674125
-8.303963567
-5.950739287
7.084759458
4.118547335
7.898790403
-3.417079964
0.5600279328
3.00796265
1.885817072
-5.370741289
-1.463573011
-5.037770719
6.912299245
9.733548899
-8.668583937
4.278560645
-3.397688956
2.508707566
-4.837407014
3.020152186
-2.577056311
-4.103582409
8.235263474
8.849977485
2.271000531
-5.710644383
8.788377418
5.009070934
5.021796146
-5.765573303
6.603130523
-5.198096917
2.632414905
4.214791398
4.847668594
-2.194705908
5.196507934
8.058718042
1.748400385
-8.191805686
-7.420480317
-7.894749467
-6.545450734
-7.471382194
5.566017801
-9.211769756
-5.168831653
7.581328027
9.470377217
2.108440155
9.524765291
-9.130969166
8.971455368
-3.774078351
5.979456807
6.212582069
7.199971832
-0.8289837819
8.612887843
-4.842140311
8.688909851
2.382392665
9.708898299
-9.347122681
4.503333177
1.311084708
-0.151519052
-4.815637487
-3.463386303
-5.010755866
-5.614641793
5.99321675
0.04790011797
-8.336202226
5.539683841
0.6729815217
4.787755747
0.3078738629
-2.00108152
9.724935649
-9.435147597
8.655278159
8.617099355
-2.18162577
-5.710702577
2.384265959
-6.440553291
6.064163887
-4.921322882
-4.183876899
8.3183158
8.058336669
0.7076178346
7.256779612
-2.949348624
9.957685564
-1.326205212
-4.103759764
-9.168515321
9.794139076
-0.7022473818
4.691700281
2.816152481
4.461867993
-8.977781923
8.400908108
8.536824358
1.039900543
9.278317774
-4.38088926
2.042932543
-2.070746199
2.560464635
-3.98735423
6.387167693
-8.60428043
-9.162448594
-9.012072307
-6.990899433
-2.092990524
9.107799785
-7.784091206
2.951059716
0.5524301691
-2.93515188
-6.036015414
-5.588118363
-9.123569805
4.263279463
3.076803984
-1.124604146
4.378789762
-7.800480551
8.774383467
6.952534185
3.180713193
-2.423376627
-1.66866542
-0.3569215569
8.7056754
7.271859098
-0.4415230157
1.090369966
7.508077246
8.985288675
2.783695117
4.970406402
-2.967501873
8.360566382
6.735040997
1.041117624
7.352544192
6.997437629
6.168227132
-7.386143512
0.7200514964
8.015662294
5.416636611
-1.585736019
9.557607867
-4.984536867
-3.327795423
9.084010149
6.174306964
8.00680009
-9.768208212
-2.404711339
-5.289560868
-4.081298962
4.759909928
4.481696897
-0.764011796
-2.694510776
1.69383226
0.6741550927
1.01159118
2.309541422
-2.087034555
5.434369648
-4.975936333
3.115215358
9.207942964
-9.928904791
4.467220888
-7.820099321
0.8757498333
2.538320334
-5.141057485
8.276877505
2.446250574
-5.366106172
5.402643752
-7.8898584
1.104506371
-8.100878604
1.619681454
-4.940397746
2.989336159
4.316539057
0.4837122914
3.150428154
6.265876907
6.150245433
2.393639841
-0.9779507576
-1.841000219
7.494952398
4.058634642
-6.301299553
1.314642933
8.176160646
-6.986200155
6.910353511
6.404049326
-0.01317797404
-9.24832297
-7.049949892
8.452773894
-9.116904079
-2.550024672
2.380792695
-6.061039222
9.621595145
-6.880495339
0.7935839032
2.360226487
-5.380201027
-0.6738202158
-0.1798294173
5.337247527
2.685615055
-0.6489989387
3.338850864
-0.9324514696
0.5142318268
3.171360831
-6.376092361
5.760991023
2.057306751
9.606657703
-5.552336129
-0.6746705167
7.912836052
2.028668194
4.519176917
-1.726596716
3.686192437
8.921100597
-5.996278685
6.147305278
9.390760242
-9.708625365
-5.695808268
-7.652461594
5.348470355
-8.375668281
9.968271172
-2.207759682
8.104055319
-6.22844793
-1.182556004
6.89623638
1.905395613
-0.7568380662
0.2529949351
1.477710538
-1.193615848
-6.128820846
-7.720684771
-6.975441453
-8.950180723
1.173528221
6.954420281
-2.817613222
-8.493782547
-1.48551176
2.040156769
-1.491930688
6.214424672
8.837724924
7.398215465
4.079989966
-0.5940215044
3.653960858
-9.731633789
9.64956237
-6.558453363
8.125207919
6.142198033
6.002793688
-4.621278844
-5.616923885
-1.423986142
6.987422015
-0.9924071506
8.70840228
-2.946413455
2.387843314
9.613980727
2.869250445
-9.090035679
-0.728858181
-3.304973126
0.6436309704
-4.305075828
-7.554775395
3.365779775
3.627195098
7.342786
-7.352370129
5.972406166
6.535374768
2.930998715
-5.901557084
-4.771585712
-1.630063649
0.8359814557
-0.4512408882
-0.6508021591
6.796814204
7.402047306
6.335079288
7.556028373
1.420175239
9.280722667
2.130886965
2.078954822
-3.614045259
3.624083682
-8.96068623
-7.30907158
-7.395156649
3.104025744
-6.493348165
-3.177063535
-9.113766883
-5.325312798
9.284486497
0.1827880503
-6.978509631
0.4601706347
8.870187678
7.31372028
-2.158682621
-4.322649681
5.234597254
-5.190313504
-4.915352907
-8.318272916
7.282881895
-1.042021688
1.235725212
4.734219154
5.929777343
-1.04983722
-6.317448876
6.574657031
-9.380040803
8.934565392
1.53955693
7.507774769
2.171308739
-4.966808317
-4.07740153
0.6584511806
9.241564257
-6.31008791
0.1979675629
-3.124237931
5.394506899
6.057329729
-1.508801794
-5.91755
-8.658210793
-6.027034712
-4.551982997
1.975778358
7.461669945
-7.435381223
9.163774834
3.663416877
4.839284714
9.657615718
-1.677984548
0.6316693179
3.584259004
0.2575028518
-4.017753107
-7.892306545
-4.301357086
5.377056966
2.815654089
6.026614064
0.3424106394
-5.357999563
2.55923854
-3.9198902
-9.409425101
8.066623536
-1.592608624
-1.477384392
4.825034707
8.969168086
-8.549689439
-6.545978237
-3.552850217
-5.031515073
-0.09010037278
6.489192216
7.079448299
1.916598841
-5.196525323
-6.270146235
4.867810248
-5.255718847
0.7898178185
4.985615743
-5.435017908
-6.509976249
-9.205286268
-7.048623246
7.028778139
-7.907281765
-5.527099089
-9.344856005
3.527132709
-5.365937171
-1.728165644
-7.213976574
-2.455654248
-1.511250675
-0.5407009628
-1.543163739
-7.944868723
5.451605333
-7.25587993
-1.514152513
-4.560877751
-3.979841138
3.448415452
0.3557344763
-6.19825899
-0.6173112033
-3.209182624
4.089943965
-5.478095951
6.899762747
0.5245932978
0.01239145846
-4.926283862
-6.276886605
-0.5636187452
9.636488357
-7.341875247
-4.330751351
6.012823486
3.29553797
-4.424831826
-3.707047864
-1.601034912
2.055735245
4.386775344
7.146006669
3.622229409
-5.260358711
8.514410707
5.623908014
-3.852370391
-3.900687167
7.623366369
-7.478430392
2.669216685
-4.445745351
6.544006503
-2.709531049
4.667321889
-6.151642192
-0.3710820492
6.071892529
-2.060235767
-6.768519203
2.979644453
5.066516118
-4.396147293
-0.9727627754
8.008978248
7.439712624
4.143752196
1.81801199
6.347645408
8.152892922
-9.949848807
-2.055444675
1.228193674
4.678462726
-8.250544756
-2.004900246
-4.407576411
-1.529798938
-0.04042734653
3.200304471
-0.07527722059
2.409364012
1.648797238
-1.433352039
-9.900472706
-6.109671723
-3.595866914
-7.060437483
1.973277632
2.229989533
0.001865191939
-3.583021968
3.06516104
-6.194330346
-9.882380371
4.698840374
-1.129923162
3.956833121
-6.299133007
-8.74760396
-2.437828264
3.919930209
-7.943632651
-6.083315327
-0.9209469919
2.422983794
5.002484961
-7.805299574
2.492472143
-2.252789557
3.401807375
-5.928792447
0.5583759506
-6.556748901
-9.62637988
-0.2609950715
-6.316444469
2.7668666
0.7314963868
5.4989076
-2.140801947
9.789042617
0.3042939232
-0.4235319763
4.988849415
1.453765866
-2.750693654
-0.2151042908
-6.217232501
-2.128331714
-9.40076495
-0.7494187932
-4.510517744
0.5343172072
-9.414557572
1.10173533
-4.140042327
1.54981362
4.655397065
-1.193243464
3.263136458
-5.221800903
9.971981772
-5.142429568
8.816568288
-5.655604992
-0.0487123079
6.423539298
4.331760936
4.111608242
-1.1911888
5.083500509
8.39907154
-1.172965094
0.5593096831
-8.67928832
-2.184538527
-0.6552286733
7.902754216
-7.788851195
4.622752064
0.909423371
2.13070861
-9.404341117
-7.065052405
-4.320335491
-9.902559041
3.383155956
7.405158978
0.9393661854
0.8632809504
2.314518572
-3.956369992
-2.665360367
1.498794546
6.184331674
-5.968067312
-3.449518883
4.858425008
-3.181595017
-9.047781426
-6.872861426
-6.122702807
-0.09775274878
2.702499222
7.604399544
8.050731128
-3.85678463
5.067601463
-4.351439389
-2.628462605
-4.145468758
-1.726185276
-5.705686087
-3.620279871
-7.561603722
9.260364792
0.07966018798
8.462013652
4.923202815
-0.8458942464
5.092444506
2.560461572
-3.924831317
0.4331862683
4.246243913
-3.893729371
-9.749543262
-4.634743417
5.934909512
8.599861779
2.506623098
-7.343850308
5.151407185
0.5381069209
5.077381432
7.172234061
8.950831022
3.090750692
7.085164197
4.851761154
4.542023768
7.175815125
8.460060815
8.04152003
-2.084994769
-8.319574404
6.591474369
0.7786310662
0.8415230948
6.503506611
-9.360316312
7.559208375
-9.307319973
3.863891168
1.749689587
2.834983617
-2.518396245
-4.490759467
0.1881716288
7.716462343
1.305793407
3.262977829
-1.172415381
9.442781742
4.850449047
-2.901949783
3.070620653
0.8523282374
7.681124248
-4.498918979
-7.838650297
-6.174558965
-2.259075348
7.081195899
-4.583101723
2.527176064
2.471036021
-1.839057293
-8.993297407
4.896677461
-4.085489312
-2.030836069
-2.455208649
3.272052633
-8.273334264
0.9977984094
-9.691563553
9.660779671
1.968544448
-2.31771544
-7.065041385
3.937566529
8.116168334
-3.637824953
5.329842893
-4.250037959
9.144506847
4.046315096
2.500311864
8.614694663
-4.619152255
8.472314927
3.561658682
5.427250144
1.432706729
6.67809355
3.965635986
-7.067825964
2.249222573
-4.413593288
8.317574461
-6.035354196
-4.285670093
-9.046905901
-1.048417119
1.151756303
1.471221652
8.107547599
-3.051721344
-1.049432408
7.02475325
1.536586065
3.079858698
-4.432813392
-0.2505739675
2.419047752
-7.332119397
-9.341825668
-7.731779977
-0.4507784732
-9.519465307
2.524178583
-8.04834764
-4.980769246
-1.470141083
-7.683465066
-4.588960124
-9.578406543
9.700911072
2.231472162
-2.432923223
-9.469432978
-2.203225033
-0.9488274723
8.620063875
-4.429916563
2.295637822
3.303367092
-6.280780604
0.1152669797
5.730015257
-8.068419311
2.120705963
-9.478801346
-9.859065524
-8.809427857
-0.371990817
8.514082174
-1.888852317
-8.499347213
7.22704949
0.3859517094
-3.621282622
9.260646776
8.76523537
-4.799620561
-5.972162926
1.778174066
6.850364197
-3.265578205
1.728588429
-6.75510001
-6.108125295
5.22670432
-6.998030773
-4.681859179
3.789897264
-9.698213847
-9.356111923
-4.2494812
-3.26753639
-2.755677889
6.14381151
-9.280380647
-2.832095107
2.765562665
-7.13991781
7.15477229
2.911288165
-7.69413149
-5.8380518
4.909966615
-1.931867433
-0.310598781
7.749101561
-7.251129008
9.287455948
-9.147406364
-8.011194855
-5.535231381
6.131701645
-0.8825438526
3.065022845
-6.51357725
-6.665561341
0.4169668111
4.805872706
-0.7505106957
7.392281702
3.208238693
-5.018198231
-5.301955584
-2.519065663
5.132321126
8.758753286
7.238119986
-4.767784146
-1.75442144
2.230881989
0.9366891163
-2.214501092
-7.971584462
4.244896088
-8.237296721
7.321548587
7.268968807
4.16901583
-0.2715085238
3.982931308
-2.100258798
5.949919686
5.728341646
-6.889428323
-3.643648993
-3.120336464
-2.716594027
1.332911134
-9.16625115
3.199394379
-5.967364819
-1.670748877
-0.98214687
-3.025464609
-2.334393797
-6.393878783
-8.637398852
1.025132979
1.917338912
-7.090004216
-5.381165834
-4.272457369
6.615027338
-6.931581177
1.042776151
1.362794354
-3.131598138
-2.987656214
9.18224035
1.066878989
3.054624018
-0.1851976711
2.932999633
2.10501571
-7.096534142
-3.306389342
-0.7913201308
-7.443566768
-2.738533528
-5.437167314
6.950052045
-3.1705184
-5.464213587
-1.836371943
3.661280952
-8.687560021
-6.385415728
3.886138778
5.045132096
2.355085592
7.583971211
-6.623996198
4.070954644
8.345203182
-6.985206818
-5.124720452
0.9336914418
-3.11761326
3.812781616
-8.848647631
-6.784717154
4.32476613
9.412373969
8.59100753
8.021339868
-7.445133722
-7.081421639
-8.554704864
0.8508046629
7.649723458
0.6358380013
5.634305708
-6.230924262
7.262225203
-6.251504585
-8.904717479
-1.570179791
1.1020886
9.41484019
-8.164923331
-4.521638135
-7.897858618
-2.191207265
-4.219778336
0.2660069894
-3.034866365
8.564560365
5.798955928
7.220227372
-7.409981081
1.50140334
-5.704349282
7.364771429
-9.699611565
-7.885115697
-2.478858489
-1.958121878
-4.45559834
-8.078740025
-7.625391898
-3.641104923
9.015856682
-5.851868704
4.945606421
-4.83622672
-9.255194888
-9.678955817
-6.945881376
-0.75831614
5.118021951
4.576298639
-2.95221115
-0.4172144247
6.281475068
6.768058128
-3.601665992
-9.914699632
-9.061383135
4.756147552
-4.547354379
-0.3702837563
-6.159374679
6.942258322
0.06755219273
0.5432035144
-4.238408238
0.2399846133
-9.960727092
-4.454099193
-3.024740329
-4.320982274
-8.280955448
0.4356241847
5.769582667
8.851968712
-0.05420415767
1.875077167
-4.182801244
-7.016809822
-7.362566185
4.647215517
4.689388707
-6.412999667
-1.728792404
1.882886558
-7.494361076
5.707378997
2.399844066
2.30443383
4.024161838
9.743661641
1.247889119
7.288325234
-1.625826499
3.089387025
8.505223757
3.283016313
-3.938386481
2.398913877
-2.973633593
-3.552666497
2.204101175
-6.79353536
-0.2652212848
8.9126857
-2.32171516
-6.220748135
-0.6232210072
6.818156629
6.853354452
6.556064789
-9.770489748
-4.659193801
9.997515751
-7.606334456
-0.1982100782
5.800523012
-7.555721798
3.248183614
-0.2383910896
-6.114200358
7.572600532
-6.370252049
2.781057186
4.816537564
1.253457732
2.576831372
-7.620692068
-3.839260259
1.739244145
-2.090725674
3.278921629
7.039092896
-6.195558214
8.065454017
-2.336482991
8.862486615
2.34764626
5.801910423
0.2955085675
0.6228938879
-3.448122025
-7.412705855
-2.323561763
-5.700470384
-9.342694882
-4.502263403
-6.388478947
7.510606301
-8.375268751
-6.322088018
4.080613911
8.38451782
-4.970830955
-9.573977371
9.210089455
3.644412809
-3.786746079
-0.5525311557
1.985117478
-2.522628559
7.489755932
4.523451766
9.086814092
-2.978689543
8.743481774
-0.4179885155
2.846452773
4.732944095
6.18675938
-2.074812654
-1.04108043
6.345540522
4.351144062
8.816984187
9.591957428
-6.421733273
-5.441611764
4.319728946
4.947654693
2.063591085
7.545995284
-4.960190758
-3.210252114
-0.1070630379
-3.699458221
0.9087817868
3.649561586
-5.592661977
-0.2932509206
9.859627153
-3.516773936
-9.29276161
6.347034586
0.06613567199
-8.944322878
7.806100544
-1.9097124
8.585463643
-1.958436524
-8.463354305
-5.093977118
-2.994789886
5.014565847
-6.305036953
-1.380526925
7.464908396
0.6752218275
-7.936905605
-9.509550259
4.116196023
9.582549819
5.703305259
5.294523937
3.508950314
5.910054206
-9.199644287
-4.706367366
3.907950719
7.339766592
3.492137436
-6.47447744
8.726169199
8.067574002
-8.266424677
-6.139999249
-4.496139388
4.768237412
7.187466566
1.566447749
-6.007088587
-1.698202248
-7.242815995
8.347923737
5.290618808
0.2042766761
-0.9284991366
-8.043158433
-3.626492874
-7.587344093
5.646761267
0.8976741335
-5.454452372
-5.515943215
-4.79203605
-3.822544954
-2.245897364
-4.049021352
3.591117891
-9.298527614
-3.437793701
4.905837457
8.856159702
6.054651003
-5.183475809
-5.341690632
-6.193264106
7.649950697
-5.242886255
5.163612468
-4.779005372
-9.338363132
4.668954001
4.524036196
-8.220817781
-3.465974841
8.967305804
-6.741020028
-8.266550547
1.892077762
8.619797307
-7.324433845
0.2602458732
3.679984282
-6.563404808
-9.77480213
7.75366261
-9.295374587
-4.850834324
3.033680635
-4.284341333
-9.805848069
1.509036689
-3.844154433
-6.969718763
9.425666235
-6.700554642
4.544708823
7.81448383
7.174302315
-6.314858657
-5.263829326
-9.63274727
8.628109345
7.742423533
1.909323379
-7.81264689
-6.529147063
1.539207419
-4.96686053
-3.996563335
-6.580253021
-6.208165619
-0.7315769122
0.1974794526
0.2315977933
9.942775987
-7.408083655
5.123397768
5.875134944
1.697651975
-0.7452363946
7.868532747
6.563604381
-8.994181279
9.259675062
-9.853202165
1.462644094
1.448616339
6.687593296
-2.305678641
-8.179182619
1.633745387
-9.503082793
-2.764084782
9.706336042
7.375577391
-6.950065165
5.976521781
6.219938388
8.564144383
-5.512314679
-0.02065051
6.548881828
3.3466757
1.878722868
3.039516415
-5.229679744
-9.489198302
4.725145149
-3.464163493
-2.464862262
2.252321083
3.143300847
-5.942021988
6.520630757
-2.395867895
2.63488817
9.328228313
1.295724705
-2.821777164
2.379402175
0.03586236126
-0.9524750444
4.645414695
8.490203
-0.4145716943
-8.23539698
1.393071134
-5.100982898
-9.20844177
5.762804133
-4.544635267
5.541409859
-0.2358211382
-3.641282178
-3.719490999
-9.159504798
0.6879967381
6.47103112
-8.32209295
-7.828825888
0.5851185374
3.202836192
3.894919847
-3.735566097
-9.244444484
-1.708742406
-5.479116582
-9.977703395
3.714331445
9.041250781
-2.176964789
-3.994031413
1.075036252
7.039525161
5.899348494
3.6951341
-1.357858174
3.808680397
-5.679492975
-4.321131243
5.556412218
8.599602727
-6.199009928
-4.078734212
-9.875794656
-1.368755094
-5.794098565
2.828495651
4.191784314
-7.624445712
-8.357119959
8.126701392
-2.215224905
0.6680699453
9.264831298
5.181080244
-3.489194048
-8.283013978
0.7204803338
-3.277491141
-9.566291909
5.423046665
-2.301817403
1.426423001
5.114857116
8.816948398
2.246446774
-3.692076424
-7.798469843
-8.521622242
-3.606184523
3.216782779
3.903041295
-5.845639199
-8.344081228
-3.889786774
0.9514911971
5.093393489
0.5931464114
-4.260324945
2.483594465
-4.703266896
3.053858287
6.837960157
2.778956407
1.31262938
-3.857157815
7.535540799
9.776437694
5.549588624
1.472877151
-7.174413347
-3.701419552
-2.662813628
-4.162095579
-1.080943705
2.212650337
-5.74170819
-5.004804914
-7.756990336
-3.848228217
-0.05103442831
-0.2038443058
9.911544237
9.622171261
-1.268744566
9.440412436
-5.712041916
0.8224177222
-0.9312937106
9.35217795
6.723524463
-5.717061504
-1.209217957
-6.630460567
0.5817442091
5.869693483
-9.282417021
-6.172822449
9.549111288
9.21594612
1.131833182
2.92181443
-4.558139714
9.041821714
3.395496127
3.336159903
-9.777933333
7.059396997
5.566524374
3.698479938
4.81563626
-6.868551508
4.375501057
-8.063631786
4.138988961
-9.947364077
5.524115749
-0.1688563044
-5.912262674
4.584932289
-3.686917364
7.6763518
-6.395329495
8.771013086
9.415002961
-3.910295119
7.249727994
6.843582377
-1.507745798
-2.726311843
-4.351250535
9.864735689
-4.884979461
8.413511955
-1.433295725
8.708540247
6.776896684
-6.884453488
1.485667087
3.470060294
-1.88359188
-9.90245911
-3.493373405
6.778898959
-8.743520396
-7.891605071
4.03574693
0.2831653551
-0.03666350011
-2.527805621
2.070272333
7.029375338
-4.461538871
6.895227257
-1.667617029
0.01968024788
4.592467571
-4.82556585
8.432738373
4.041389285
2.378608462
-4.539823254
3.916969127
-4.855705031
6.329053407
-9.7705509
-6.669247128
1.156579775
4.245619992
-0.1503869217
7.55619003
9.517398751
-0.7144586491
5.35973959
-0.1045573233
3.301975567
-5.502500401
-7.809165656
9.580178751
6.299893194
-4.292329351
1.716567689
-2.398575894
-6.473239185
-1.623297139
-4.056244116
-9.667517869
-2.25263386
8.418260076
6.564005174
1.481495104
-3.627062704
-5.374714102
9.120391673
1.292201981
-5.647893929
-5.010358978
9.191924051
-5.223717334
-7.865718233
-6.320761205
5.324496138
4.175285119
-1.241161504
5.876090142
0.3502538429
-1.728036777
-7.651161275
7.678221319
-4.488135712
2.325214467
9.691595579
-6.211639559
9.303759836
3.054307369
-7.425367908
5.438542921
9.035515565
1.255610994
3.771103995
-9.473042423
9.78151371
-3.630857604
-9.521924413
6.171283009
9.465051035
4.751770198
-9.945283879
-8.732789773
1.685388105
-3.285697845
7.636669615
7.473387387
9.750378174
4.316639381
7.537673996
-3.606997763
-7.776460962
7.307282116
-3.930548041
-1.613354037
2.920605141
2.101982683
-1.58153831
-2.276989763
-7.546379163
0.6772376861
-5.342918055
5.096157022
3.497411683
-8.561460704
9.785293695
5.609138711
-5.443482262
-9.385143633
-0.4325633786
-2.94515125
0.9302299873
3.193279108
5.944396147
-9.729113063
4.285910278
-4.093720678
9.728051513
6.924834612
1.208023622
1.955313708
-6.15848654
-5.474968228
-6.919736433
-2.443729051
-7.760891113
0.2254578727
2.769559108
-7.555752435
-3.116072821
-8.593042406
0.5152237454
3.005795384
2.309442828
6.277391256
-5.28867527
2.363636837
-3.943429615
-8.224645878
-3.894770569
-8.572870501
9.17148422
4.543308699
-7.970782844
5.725386447
-2.956892798
8.228702806
-0.09005130506
7.45385446
-5.589404105
-2.656153482
-2.663261157
-8.057346368
-3.379711319
3.194196077
-0.6691301725
7.584631395
-4.606594672
-2.903613026
-3.592914197
1.034759412
-6.235611688
-6.53511457
8.789638484
-2.467045725
1.741962698
-8.8969583
-7.182840062
-8.072828963
6.242311359
-7.937064348
0.3263209136
-6.88844204
-4.423664891
7.65204005
2.631875303
9.273254204
1.994287312
-9.809605676
-1.68717989
-9.551164913
-3.720313439
-0.3675013856
1.509186822
-5.226995941
1.165731569
-2.101597318
0.1316437501
-6.080659709
-6.8649678
5.090340152
-3.400535424
2.883913851
1.309111932
7.990618318
7.613672358
-1.137771993
-5.90529827
2.643847506
2.736719507
3.848350068
8.149464055
5.651619561
2.505818717
2.019311908
-5.744819279
3.02730724
6.290003416
8.446449617
8.333002242
1.221976117
-4.803320485
-3.324050864
9.955247311
0.5119557644
6.318133457
1.940323756
0.1386077466
-3.029207694
0.7554105646
-9.86530586
7.533716132
1.229729631
-9.514371494
6.363494907
-7.292912183
-9.387226038
-0.7532919173
9.213133906
-8.127715031
-8.688029677
7.598711524
6.427440831
6.399388445
-0.6436390437
-1.450158109
-1.978633891
1.644300843
4.579413388
5.685840047
3.095983751
1.249323294
-1.752147836
-3.601698759
-4.275044143
-4.076465632
3.655057323
5.248823643
1.95239574
-5.542722155
-6.11209959
5.313722375
9.57387638
-9.681800768
-5.02203716
5.846257435
4.383305955
-5.080400845
1.097847622
1.711715882
4.427685533
-0.7265257757
-1.90303057
-3.839810584
-5.233821832
-8.149932837
2.917667748
3.391408971
3.746869478
-9.937085591
-1.23493935
-7.548932702
0.5321867141
9.594792418
-0.01445978073
-2.507000415
6.276799848
9.364028765
-4.257532449
6.060000795
9.922828747
-7.763515205
0.6209470917
6.27053159
-2.474116327
-1.084509475
5.018051193
-8.033072421
-2.7894739
1.274125106
-5.228288081
6.799075434
5.317019846
9.310851592
0.4597615003
-7.86950684
8.732340461
6.68471979
0.8883632201
6.726045548
7.633818387
5.521622747
1.425079541
2.305974429
6.887813653
2.444332726
-5.870400816
3.829768471
0.6402750015
-4.735058822
-9.984269169
-5.290044774
3.47133396
7.566403994
6.614051385
-7.837852288
-8.57750041
5.231846238
-4.303332558
-4.56393895
-9.959993988
-8.029219787
-7.288059052
-6.812795875
-1.093727948
6.282716294
6.245962307
8.199792434
-1.128159228
4.174210159
-0.2333176376
-9.003148837
-8.391371321
-5.081153296
9.632434572
3.838344586
-4.639848363
4.125264891
3.226922688
-9.134196783
-2.770248307
5.474559668
-8.429541703
7.687682336
8.617365925
7.061710248
-7.652447918
1.303469634
4.151198957
7.759601799
-8.084479414
6.315411691
-4.439673367
1.845747715
4.395914187
5.540382987
-4.10670302
2.147530779
-4.250542516
9.966335006
6.290112159
-1.720441675
7.582843713
4.650022302
8.574938615
-6.567786115
-4.103299902
-8.125266479
-3.640379366
-2.376227725
2.654250792
-0.569601233
4.353379616
-4.61552933
-6.538865616
-2.417547944
-1.238371251
-1.557468644
8.271393733
-4.608659633
-2.959131946
-5.695806797
-2.561539772
-2.202892183
1.508541142
-4.432700428
-4.81015383
4.381227901
8.203574151
-7.558063609
-6.354220585
-7.337807102
3.672153656
-5.719804546
2.091432066
-5.966425304
6.355143874
-3.677857355
3.392335294
-7.025328744
-3.881091058
-4.055171094
2.701598651
3.617610542
6.90497293
-6.333061865
5.208595286
4.238788046
1.150878282
3.003259726
-8.200097939
-7.062483686
-1.688565586
4.227413766
-6.643576728
-2.220417216
-0.04108092225
8.700914538
-8.896075027
6.580149819
9.683196918
-4.65454773
7.801146075
-4.193997224
5.980149964
-0.80285264
1.952172978
-5.266652465
3.752299243
-7.026302678
1.19372998
-0.1134213891
6.744119919
-0.3706296925
5.6946192
-1.994113865
-3.841881331
5.744542728
-1.630714722
-0.06467877573
1.546450626
6.393314758
1.626399493
-1.877141946
-6.78826343
4.042226098
7.664656433
-7.832422242
-0.6757204837
8.690710104
1.27018335
0.9050702821
-8.730489002
0.7060035926
3.090826076
-7.068163087
9.127294553
-6.076984161
3.478519871
-4.513176932
-7.831383323
-4.781983926
-3.31696333
-0.7053624554
-5.312871132
4.550077733
6.14382204
5.819511921
4.314970968
-4.607135077
-5.790844179
-7.817433435
-2.066377972
-8.254667196
3.10779313
8.996578287
5.112665612
-7.662165458
-9.590375026
-3.302223404
9.857523135
-3.74336504
4.750155976
4.330587532
1.451151954
-2.647078847
-5.834686119
9.599984329
-8.6821246
-5.275444961
-3.82201059
8.19006707
4.26738526
-4.692562995
-6.709973941
7.609948271
5.875662649
-9.23225136
7.586016872
1.758794904
-0.8492560603
3.477037538
-9.211144029
-3.393575931
-8.239031644
3.672749296
-2.039765696
-0.4209181645
-4.203933216
5.765890402
-9.069746355
-4.377487073
1.811917235
5.802670049
2.031986718
4.609773373
-9.529441702
-4.901528214
-9.158164803
0.0002479693758
9.782805923
-9.729389838
-1.182419233
-9.904271638
2.257772387
-6.332825477
4.254835676
-6.807029761
6.571513105
-5.876436725
-2.955674523
-5.388430562
6.153689849
-0.1946008882
7.476670118
-7.398280546
-0.0208377927
5.53227268
9.624203376
3.467554604
-6.339976404
5.195459111
-8.507295698
5.255449274
6.556304618
1.184194322
-0.1455834038
8.730548454
-9.998060986
-9.808662112
-4.960971537
0.1135292652
0.8083330099
-2.57415152
-4.145772496
-5.952653071
6.005637888
-3.681541908
-0.1506402891
6.225817834
2.247178849
-1.827830076
-6.461915553
-2.046958203
-0.2957469254
9.811691851
-4.316098482
-6.68720647
-5.58848973
-5.770653113
-8.479046189
-2.701846032
-4.305319504
7.751775843
5.605192199
-7.818700863
7.010069907
-7.808027862
4.404154936
1.456485958
-8.263832315
8.106560722
7.491330298
6.877034627
-2.608652898
-5.540971752
9.942233097
6.34676731
-9.157436787
-2.534442443
6.243739515
0.5676939345
-5.057383488
5.857758609
-4.764979121
-9.992032399
-5.373621621
9.867405779
3.124016687
-5.586637558
3.72279404
3.738737964
2.814855399
-8.589029666
-5.14071766
7.416743857
4.694816386
-6.64367988
-4.028210774
1.254440575
6.52891532
-5.989673873
-7.966694127
-2.362622208
8.247069385
-4.789729615
-7.833912946
-8.881140694
-2.966588883
-9.247461095
1.660678425
3.451136206
-0.7903282003
4.822337074
0.02049928828
4.047052417
-5.387181882
4.892248189
0.03274404011
4.107376598
-1.066044194
0.1188121915
-9.16929634
-0.2138141879
-7.154249956
-7.15008306
-1.332991949
1.524295797
-3.139026096
-6.790168195
4.82820834
9.261831456
4.672845719
-8.45871537
6.818163163
-8.649718992
-1.273759028
8.577255986
-4.736397927
-7.440936562
5.244775441
8.572162428
-3.484631586
-5.350838043
-6.350290472
9.264710453
1.532692693
7.201755438
-3.833100279
-8.871271393
-0.9239162977
-5.857798082
0.3796732866
0.7597527124
-4.114235655
-3.850922356
-9.516526556
-1.591959721
-3.526211727
2.389802505
7.195261334
-0.1471911841
-8.345834039
8.669609167
6.166539337
-2.689623537
-3.385421779
8.758681575
-2.502113189
2.716044372
9.706886762
-9.265204709
-3.707380437
-5.375285561
8.447308383
1.022734611
-8.925729232
5.104964989
3.681676427
3.243482069
9.114575499
7.492031974
5.065029703
-5.546680913
-7.239700759
-5.582233273
-5.889802778
1.359290916
3.260876463
0.548350408
-8.873012165
-2.736748101
9.354548182
3.910231508
-2.605204409
3.432522972
-4.697806121
-8.45044872
0.5613427851
-4.204617483
-0.3669620869
8.039891891
3.034807335
4.466382713
-7.948269495
-0.4068382841
-1.913162192
2.937144855
-4.245297309
-2.338705756
9.620335839
-7.703788644
-6.001842739
-5.219076713
3.933084009
4.273761826
5.695098732
-2.379112503
7.048065753
3.946930792
4.265197952
6.439772886
2.578488767
-1.555447543
-9.384023777
1.909113266
1.27527139
2.016160431
-3.542930626
1.097639537
-6.566873914
2.997188524
-8.566530526
7.501542676
-5.677240997
-4.123108588
7.694738373
7.671841801
6.725344323
-3.461287662
8.046892784
5.436045915
3.16165962
7.996061476
5.662629445
-1.505009816
-3.514895517
-2.122437245
-8.771756919
-2.731382139
-2.939126283
7.312489751
7.774000991
9.261041737
-3.436015048
3.866403116
2.661325358
-5.151125088
7.399752527
-5.717961685
4.954280053
-7.10672129
-7.863606875
4.406444202
0.5263623209
-1.141683373
5.563611355
-2.825132944
7.06699197
9.243449943
9.582509871
-4.447439954
-1.699859272
4.500197686
7.89731868
4.226222202
5.162645656
7.668073039
-2.661035237
0.8508988329
0.6953995117
2.951651604
7.903677594
2.016549523
9.398770754
4.642711095
-1.694170169
1.622769203
8.446415648
2.370007679
4.198572068
3.225840642
-3.277071222
-5.933302898
-1.843740748
-6.984603877
6.526670954
4.20921227
-1.978876212
-6.572346078
7.515986798
2.781278121
9.9320564
-7.978042208
-5.103032817
-8.326901317
4.894835515
-6.808493811
7.633190679
-0.1704094692
0.5233852534
-9.149594224
2.281072715
-5.447704218
-5.729918213
7.906371378
7.76026698
-9.894696313
6.646079192
8.0459768
0.2389531618
3.123476361
5.355713679
3.708799495
-0.8176716071
1.46904464
1.481188635
6.8426104
-5.191165848
5.144529325
6.246742194
5.940647223
6.15415638
6.585600448
-1.649684974
2.357734712
5.104910323
5.395311387
9.172092459
9.501505512
1.294691838
-0.6852186252
6.710506534
-5.600781521
5.327961789
-6.159768017
1.832551319
2.136629133
-1.163123944
7.291013056
0.8696437228
-0.1454057815
-1.637487287
-8.755496332
-2.757010801
-8.143692836
1.312769994
2.810032631
5.355645252
2.650705127
-6.258784896
5.004879016
0.9771880086
-7.956592813
-9.503459416
-4.025076152
3.800300585
8.655767009
9.329944014
5.290961787
-4.135016286
2.441382505
-5.378077449
5.013807433
-6.68265941
5.12940771
7.371779979
0.3901270717
-8.687303235
-1.022159585
6.756572228
-6.404946931
-9.228818775
4.65387149
1.260814471
-9.158787471
9.697705281
1.38664775
1.703133459
5.798132837
8.052693414
-8.784985273
-3.029735812
-5.998162739
-0.6969693669
-8.170641161
-8.638284515
-3.982211337
8.086905155
9.510839558
5.274400636
-9.985181741
4.704311085
-9.5601498
-6.628686355
-9.789719834
-7.017460025
3.750110503
4.040337507
-2.578451868
4.623816484
6.946084108
-7.392849711
-8.251853677
-2.56157087
-1.922327249
-4.471915603
5.083363719
-3.564275989
6.002886238
8.226167085
0.2629801508
-1.411559406
-8.168103957
-4.526453924
7.732956291
-5.081113175
2.423787737
-0.09985208314
-8.112549281
7.987370628
-8.644583351
3.614046509
9.4399628
4.187475816
-3.481825591
-8.531196673
1.594740941
4.670340365
-2.823079327
3.07502945
1.331828164
-9.317871652
8.413889061
-2.399883931
-2.41196112
6.927117516
-0.3144419601
-0.9786241147
2.797134307
-5.764574184
0.5660138539
3.371370488
0.7755339997
4.17522275
1.970729839
6.828110674
7.583415256
-8.043215939
-4.82812011
-8.906876892
-5.422162645
4.418334142
-8.42909521
-6.897609739
5.415366549
-1.113496453
-4.197585246
2.879693925
7.738768091
-9.247891192
3.86188689
3.37101448
7.360241972
-6.0725592
4.255852591
-7.921977835
-8.867472864
3.615920685
-9.547305717
-9.114018224
-9.260939545
-0.6917898253
5.157388885
9.843984474
-5.467846069
5.847604505
5.904917284
7.444854187
-3.714880194
-7.341498897
5.9340316
1.349266753
-1.706921464
-8.827166456
-9.868862492
-3.679530734
-4.570824293
-0.4855274538
8.472237294
-1.666310279
-4.242322582
6.904930665
-3.861002653
8.311680449
7.268236866
2.776383763
4.953503871
-6.853544089
2.057485402
-3.459254323
-0.2264389288
-5.492290838
8.039153553
-1.769324456
-0.4653189361
4.428055059
-7.556063742
0.06130097102
6.262953266
3.546837198
-3.56698548
4.213307933
8.688791974
7.895524767
4.844695764
-4.677976623
-2.550251861
1.168358422
-2.379022063
-0.8850627588
5.870518882
-7.921197358
9.459931565
4.092381324
7.294557368
5.633601079
-1.35632573
8.850222868
-4.938275658
-9.075031536
-8.062435395
-5.985267562
0.7816107269
-5.527948949
6.706416397
-9.813226255
4.918018576
9.380156445
-4.656335778
2.476310129
4.295592699
-3.460851641
-1.337468562
4.688176922
-7.376996256
-7.12628054
-2.491873545
-5.431818964
-3.860272124
-6.998686302
-8.067278803
8.319680622
-3.082131831
1.319325135
0.9439753014
-0.992849037
4.956411607
-3.368470853
7.849549137
-8.639335554
1.497791855
-3.218948461
-2.721993102
-3.898042115
2.07172599
-5.311841409
-4.113876006
-4.290108189
-9.864091093
-2.567629811
-9.022052977
7.48752425
4.436452628
1.906142091
4.8775667
8.021881676
3.881811267
1.815126343
-7.514815127
-1.90834697
1.579024965
2.056887316
9.215556736
-5.889993578
3.263026551
-4.871417187
-1.64477515
9.439009242
-3.378451388
-2.759536692
-1.208631031
-9.186644202
-2.02859523
2.379701991
1.561599737
7.468254556
2.823731156
1.139118894
2.812943141
-9.047664332
9.922426971
-6.965891648
-1.631062265
-4.094970597
1.544337882
1.191220469
-2.957713515
9.47258928
5.025432782
7.796827259
-0.8917960928
1.988121773
-1.730934485
-3.914896691
0.509411415
-6.180653821
-5.717965521
0.2157483663
-9.72295851
-1.090257827
9.934013427
6.453659623
-8.33078907
3.11780634
-5.492141399
-7.640882955
-3.026454744
3.543336359
1.01529121
-9.120746729
7.135085387
-0.4480995278
7.135524497
-6.246919769
-8.325334677
0.3193932408
-0.9091067401
-9.72211202
-9.212908206
-8.127343285
-9.186450402
-6.485218653
1.510723022
-0.4649476007
9.595394657
-8.58525732
7.348312642
1.570395643
7.529510914
-8.885727793
-8.016929572
7.261894355
1.407680529
1.169876022
-9.739746641
2.845056082
6.953289629
9.922523822
-1.340904186
-3.771819079
-1.9045935
-5.439498074
-5.478028305
-1.327127827
3.690790164
3.214745772
5.449803365
-5.663706239
4.574127575
5.905076548
1.236257282
-0.686586201
-6.836002563
-9.070942979
-0.7233570445
3.086041605
-5.749073669
-2.001007902
-0.0472423098
9.098079133
7.548902572
7.480992963
9.932010777
5.469065663
-5.938802439
6.797746813
-6.675035029
7.781741594
-3.228404081
-4.241106722
2.124459998
-8.787769071
8.141763492
-2.378586033
5.799663418
4.210948703
4.0829626
0.6525233378
-0.6664897911
2.907958643
3.831544143
-5.283636094
5.076164166
8.732343364
6.301952953
4.612193377
6.434218777
-9.860901649
-6.503519068
-3.16041597
4.670362678
9.567465784
4.657556934
-0.4201413434
8.421036238
-2.446017199
2.83381265
-9.969910596
-6.412809111
-4.103224622
-2.260204032
-0.8035898605
5.934375179
-4.403088321
-8.346768297
0.4274024859
9.623039763
-1.98483057
-4.856178363
5.526829976
2.311670735
-9.849033275
9.724102099
-0.2216293516
-3.919562583
3.30154102
-4.288784376
-0.7291213743
3.036421427
-7.562359456
-0.6555374714
4.704114869
9.210360807
-9.57221016
6.64958421
8.782920399
9.716356407
8.7566327
-7.414971838
7.720403879
-6.942757412
-2.78967286
-2.77676123
-4.404292155
-2.903915123
0.8600312966
-8.429659667
-2.542606578
1.66437762
-7.3150118
-5.140241094
-3.744418349
-8.509322976
6.153815906
-4.732050543
-1.787979816
-1.891742681
-3.905287274
-7.44523906
7.871187481
3.627896958
-4.662170761
-8.151381463
-7.530099678
-4.471271973
-9.019130423
-7.097062721
-0.4994090486
8.71958805
-1.318620286
4.18280909
1.406101482
9.524883712
-6.435775858
4.782101667
-2.991866103
9.824242072
-2.943765298
9.575663651
7.20742894
1.9547332
-9.451040866
-6.289359011
-8.86976449
5.849235232
-8.520978321
5.729188713
-9.440963019
-4.895874939
-4.048332267
1.292129807
1.24122488
7.748019292
2.747548801
-6.770759393
-9.460104142
5.239649959
0.7113759563
1.572582991
-1.717899043
1.796301762
-1.887372439
-1.08615189
1.85479272
-0.1531097893
-8.817932181
9.535794158
7.1027528
-2.418287443
0.9304968544
8.657486533
-2.040693166
8.895453987
-9.390274476
4.915990445
5.940132221
-6.123297747
-6.742664494
1.821565713
-0.4061657628
1.730852048
-7.354578062
-4.445258605
-8.606552785
-7.840065547
4.327553551
-9.47196089
0.793006442
-4.026740207
7.369946003
0.9007775497
9.950954691
1.221517812
1.241956259
-3.29786604
-4.95350132
-1.452606449
-5.45649291
-8.582479848
-1.498975334
-7.871658137
4.462416292
-4.032119428
-0.192766826
-6.088334355
3.616530178
6.616522936
-5.591864281
-9.843826618
-4.981913831
2.552726045
-3.783663455
6.724122766
7.054783986
-2.565188744
-2.69331016
-9.668748566
0.9935749675
-6.914588118
-7.746409237
-8.933237415
-6.414323852
-6.881383781
-9.290192415
9.64864909
3.16609003
-2.260118568
-8.750290433
-9.055093826
6.099048694
-1.544403881
-7.834795368
-6.659317239
3.603890654
-1.455317151
-8.063834201
-2.159806801
-9.104883661
-4.579477547
0.06159396895
-0.8504142746
5.372692086
-6.795393366
0.2008847283
-7.169459379
-6.212608189
-1.802027926
-7.082748335
1.246550517
-0.8953636065
8.841933155
3.399898097
-7.937155276
2.142137108
-1.593415008
0.01263946223
3.116110829
-6.28563802
-2.809310094
-0.392404066
2.295659293
-4.288857096
0.05546911013
-4.429077742
1.447797084
-3.15421192
6.783219173
3.718256116
6.322556375
-6.915078652
-6.296126967
0.8518956213
-8.772034822
0.7611703674
-3.280059976
-3.510913452
-5.402936217
-9.906265208
3.741466921
5.05562385
-3.234331681
-0.6039276291
5.94764548
2.949354779
-9.540436564
-4.320550291
9.087896637
7.663093108
-3.495640978
8.212677786
-0.4164983627
-5.958625584
-4.571011838
-5.180361672
-8.888490874
-1.257277775
8.09165775
0.5151492836
0.9091294581
-5.460007797
-9.071983405
-7.483839544
-5.697486144
7.467868308
9.766572196
-9.644675029
-1.133800895
-2.616054184
0.7292712702
2.330456373
-2.080004776
-6.322718716
1.705484916
-9.334064607
7.8795533
2.888215948
-8.109114715
1.027499714
-7.420513577
-7.623583197
-4.689021968
5.258166031
3.964418918
1.177042689
-4.895467624
0.3573753405
8.595019872
-6.293615938
4.684148143
7.443657935
3.389124168
-5.926086627
-7.416680073
0.3006598275
-7.393836377
6.514000017
0.4728905743
-4.171526251
1.362534669
-4.787252391
1.689404094
-5.357551455
-5.618958956
0.370121632
6.708315665
2.895415409
-8.116185176
-7.318633493
-2.193988084
-3.608706143
7.824412037
7.82582976
-9.40351798
-5.789561244
-2.232945746
-6.4725051
8.373726799
-6.20802893
4.67971923
9.138312671
-0.4456390951
6.284385867
-1.435612362
6.268985098
5.233969926
9.192072955
-3.267999867
5.331888089
8.432356077
6.215433658
6.286749838
8.965964776
-4.186341946
-1.197068811
-7.878849982
7.54564247
-3.126013441
8.104897605
-5.922848568
-3.007883695
3.809587552
8.454130482
3.75892026
-3.19812964
-9.199130802
-3.36498565
-0.4767788059
4.608002708
7.872571866
-9.873819179
-8.465310755
-4.364189073
0.7123785943
0.7157119652
-1.494730413
7.672748358
4.547040901
-7.280772733
-5.297273095
0.1061171103
-2.749628914
6.172400877
-1.613289274
8.823251143
-6.350869513
-0.3442504368
7.884947432
-8.685279173
-4.415366734
-5.944541492
9.696255186
-0.6309248706
7.763422961
7.078508186
-7.920628335
-3.001128746
-0.06608968115
7.577900883
9.63708136
-3.261021414
5.638971901
7.174346724
-4.375014172
-6.021451292
2.932273583
1.282786661
-6.908488833
4.843450625
-2.798146239
2.093480408
-9.870140548
1.810307328
4.668520221
-3.086513246
5.186596471
-1.460597577
-1.535998835
-4.012947248
4.821178377
8.341697278
-1.137975224
9.739692978
5.989754734
-3.775295015
-5.337894036
-2.821279919
-1.906614279
-0.08203419123
4.030674847
6.819966695
-8.818519565
-0.9385597599
-1.448882201
-1.51935171
1.273541772
8.796036203
-3.393571678
8.979362843
-5.082314842
0.9681005544
4.26801672
7.61243392
5.633973796
9.31522518
1.022862055
8.108526751
3.093687139
-6.619798076
-9.386785697
5.215610035
3.552401442
-4.233730701
-7.87966774
3.789204428
4.989050308
1.165640196
3.304747268
-1.918780361
7.321750392
0.648025635
7.896784034
4.794191101
0.45803756
4.393142619
7.734920247
-6.109774298
-1.403898965
7.187020175
-9.390072698
-7.338356357
-1.8930624
-7.752820038
4.523040251
9.496199992
-0.2186686964
9.205349852
-7.284617639
4.008868496
1.657166286
5.83467125
0.7540122469
9.597855941
-1.206944368
9.00544707
8.365570444
-1.522606542
-1.78956188
-9.601058694
-1.03011774
-6.011799759
-3.281487319
-4.349684148
3.40395935
-1.196528513
2.004980422
6.87036865
6.655440097
1.711146854
-1.189271062
-1.991794857
-8.577457278
-0.6523603855
-1.939143691
-5.969386145
6.05449924
3.962959558
9.508162276
-2.289683576
-1.661448313
0.3946983901
-2.934230868
0.9049348879
7.795050835
4.610387733
-5.869761004
6.003057591
5.906161261
5.981819208
-3.663946921
2.259030415
3.045819639
-7.595499922
8.373505808
-2.63728453
3.767534473
8.566767587
3.497443263
8.769548255
3.98215314
-6.582842108
4.578110182
-1.885597054
-3.628534132
5.612925422
5.809782707
8.980235313
-5.936294096
0.6532866226
5.442449173
0.3269773752
-5.424270921
9.905805826
7.786396871
1.542866743
0.7609561369
6.799522362
8.292679627
6.391707114
-1.343804489
7.11246263
-5.487893364
0.8103213404
-3.696994228
-7.607310085
-7.089760945
8.732096354
-6.100151443
2.998202585
-5.217576841
0.5093914546
-7.387315918
-4.209193079
-1.989509399
4.133575484
8.021398707
-1.42845736
4.276439372
-7.218270789
-7.988498511
-1.037808193
5.21012467
-5.367694319
6.182656474
-4.951845289
-8.323975462
0.2600122806
-9.980443837
4.162260791
4.781184972
9.466391926
3.263292137
-0.1156654814
-8.527533658
0.6859005425
-7.163392119
6.047775248
1.522977011
-5.741715247
4.141103573
-3.339830462
3.381964247
5.591021763
-8.268477626
0.2131292514
-7.926512759
2.989230115
-3.69004235
2.870023808
-9.028924359
7.33992794
-0.4368148998
5.871063773
-5.467260437
-3.300525155
5.275498464
7.068458331
-1.257522703
8.6066466
1.592285977
-9.018050371
-0.9427732409
-6.791999073
4.656488938
-3.052946641
-5.976447206
6.855760681
6.355926636
-3.127066183
-1.927544175
-8.788003796
-6.422305652
4.718376877
1.32260697
6.464739402
0.0230019625
5.357248314
0.1983600095
1.361380612
-6.307640714
0.8880204903
-5.979337026
1.124383442
-7.171175247
-6.279800214
5.295679204
-8.582274686
-2.613727088
7.557560378
-7.913252004
-2.816935695
-7.720792648
7.530815151
-7.475257742
-4.908889843
-1.56187295
3.305120356
-3.105893809
-5.729966694
-2.532297885
1.420492523
9.815026988
-3.456696484
-2.755933272
4.124705073
-4.021286172
-3.005985579
9.89415471
2.085347576
6.576215901
-9.36668619
-7.090195605
4.554565884
0.7948789118
9.905290129
-0.08740681098
-2.31792263
-6.112519975
1.803328891
5.332503731
8.488783744
-7.247483475
-9.838201534
-0.4407902156
-6.341048275
2.20677223
2.405386092
-1.807396299
3.544105278
-6.006588618
6.17163961
-8.993206316
-6.562762827
9.612046381
8.007543588
8.794580422
8.168885867
-1.171656001
8.776082073
-5.251730739
-9.009713761
1.145281489
-3.733595298
0.6415463279
-0.5678286109
-0.3373518097
1.401550587
8.468845553
-5.276150129
7.521602982
4.676708665
-8.41578474
6.70774972
-2.047119629
-3.285237804
-9.992139936
-5.08389628
3.758926997
7.023452702
-5.179010613
-2.58120459
-6.991533245
6.070003282
4.340474468
4.009563748
3.577090482
7.840900082
7.660619848
2.50735697
-4.224432459
-1.937944294
-9.420854991
8.32968028
3.748954677
8.163416471
-3.958257258
8.896529079
7.280623435
7.720255182
-9.997173396
-2.455195621
-7.553494154
8.656158129
0.2741450503
-0.2132717315
-0.2615766633
1.40583802
0.8901501971
8.342217217
7.687690931
5.674385186
-3.545453285
5.688748431
-7.096290498
7.204524003
5.459994832
5.519342711
0.5739738872
-0.9962926662
-5.467370146
6.173563541
9.318581931
0.870639444
8.044149141
-4.352991161
0.355105027
-3.436748211
9.836023184
-4.993666964
3.57510975
5.28404158
-9.355467226
9.645424567
-8.173545204
2.281496639
-7.012983783
0.4159299341
-8.133098128
5.6240088
5.458620346
1.962975299
-9.709133608
-9.159515589
-6.380586852
9.44061342
-4.907996221
5.020176517
-4.375295809
-4.889627649
-4.84272528
-4.05894009
-9.821107901
9.743523641
1.329212716
2.036848226
0.7652014172
-9.123249039
-0.569590222
0.7935300242
3.459115815
0.6833600543
-8.89855382
2.401979799
1.623504056
0.9119265165
6.865625604
-1.052264806
2.071308926
-7.527742272
-4.95241494
7.007086515
-9.67551275
-6.874980438
6.467699495
-5.41324637
-4.816100893
4.015812133
9.330505583
-6.034403601
4.949945758
-7.1898751
-2.350048574
-3.534214972
7.67571038
3.107627925
-3.3284928
-9.567840817
-2.619826817
9.443613437
0.5819817356
4.842896464
-3.092223262
-0.7882026935
-5.767286036
6.739194603
-2.803822812
-9.258237341
3.7797838
-6.884222318
5.975023386
-9.694750947
1.712462946
-0.08967445949
9.949234675
-7.312585271
3.451073644
-8.101090494
-6.764631714
9.766625833
6.133301349
-5.107194227
6.926008914
-9.287994819
0.7121410236
-8.170504888
9.418113333
1.662018734
1.114825493
-3.64053854
6.998090843
0.6030902693
-9.658035517
-6.302102189
-1.330633803
-8.400471778
-4.386848932
-4.992094273
-9.987827154
3.857706385
5.47779273
6.40698596
7.032592288
-6.96950238
7.800732769
3.164257796
3.922673256
1.281433284
8.793639967
-4.96305913
5.737685674
-0.09483067262
7.818004135
-4.476026204
-9.695061816
-8.702179907
7.992701724
2.823004465
4.605374434
0.08723409076
1.151492008
-2.722110347
5.652712965
5.137305024
4.000122739
9.237848299
5.376767422
9.558451823
1.805528994
2.385181814
2.781064342
-3.472572261
-9.339419639
5.763527572
4.203757012
-8.419366167
-7.028363271
3.726804884
0.7007475463
-6.175711145
-8.880932982
2.228246006
-8.927767462
-5.728493761
0.05325340624
-8.119377808
-1.821877786
-9.597684038
-7.610725084
8.801250276
1.17722178
3.72922752
-2.444595937
5.262428214
7.927780697
8.203843259
-0.07027703737
5.252204639
4.179240664
9.025937076
-5.168910197
1.226794156
-9.124534649
8.46355918
8.905131575
0.01812689779
1.722348964
5.438836901
-5.013376314
-2.420190479
-4.227888076
0.7760793043
8.979136476
-2.291986009
-9.099804684
3.650372654
-0.0993867964
-4.069759982
-1.682227866
7.250205938
6.420354271
-6.583073198
3.702665565
9.953267225
5.687185961
4.500927109
-3.799600416
-6.810584188
7.28644308
2.206924368
-2.198192029
5.111814696
4.372557714
2.94666251
-5.854732769
7.710556356
4.380119249
-3.947388732
-8.728030022
8.25592831
5.877001169
-0.02832714057
-1.721496116
2.31124948
-2.029696478
-9.221639199
-3.960633358
-5.074428838
9.446051753
5.349960982
-1.926067723
4.732544174
-3.946899697
0.5459165486
-5.857135203
-4.914794328
-1.319538624
-8.351482821
7.065759135
8.326584326
-5.737842749
-0.5255597648
6.829194034
-4.234420531
2.214176441
-1.159039761
-2.050170433
5.787484426
-0.7097477199
-0.7039496317
9.840570087
9.244595909
-5.29838224
-5.460924658
3.254760351
-1.761071296
4.375080811
4.669067131
5.665897224
-4.733710244
9.967164306
-0.1259912646
-8.321469713
-7.759686335
1.229994483
0.2021788485
8.696710131
8.016521217
-0.6919270429
-5.870457335
1.288352118
-3.825332364
3.011712679
0.3020801376
6.863601829
-7.365191701
-4.979864455
1.950628685
2.504295625
-1.748118292
8.011843487
6.205500501
0.8169976563
-1.899412792
-2.056437115
-7.720223052
8.744898938
-5.309289726
-6.943663447
0.2003161291
-0.8991092908
-8.51946059
1.51145745
3.970705628
-0.1890253064
-8.542126954
-6.406720229
-7.681290813
1.669251483
-8.298243941
-2.318902519
-7.056872091
-1.770275283
2.505499177
-2.809206766
7.919686955
-1.650393048
8.673104726
6.409136658
-7.667150249
-7.920687568
-7.343797232
2.76936735
3.691842704
5.800201676
0.8465172787
3.507157384
3.735033425
-3.235402637
3.010326255
-1.918079629
2.803289943
8.692404367
-1.400586155
0.1233509043
-3.35870396
1.57441074
7.268406065
-4.32701288
6.687806444
0.3895440945
-5.478474799
-1.611055431
-6.660106523
8.247890495
-8.841057051
2.080068658
-7.920966641
-3.730438581
-7.141166802
-0.009790249121
2.721955492
6.58510942
-0.9997413024
5.388982343
1.906756274
9.445286661
-7.605684094
6.326353652
6.703124098
5.831435655
-0.9035025467
0.5441881224
9.707692348
8.892716269
5.260035073
-0.7947733188
0.8047112057
6.091206625
-4.462608209
-4.869337644
-5.722773092
1.024123216
9.027912057
-5.24526611
6.031987095
-9.391799634
0.1244002278
-4.319492826
-4.345565403
-2.160522185
0.7091472203
5.457707269
9.23316509
-6.992287244
-2.104197171
-6.745194796
6.732843096
-8.303951667
7.125714433
4.816903143
7.166730168
7.798404196
-6.984467079
1.133720886
-3.9496478
-4.575536078
-9.671312488
0.3036154236
-9.619012008
7.964571556
-4.660366171
-0.132531889
2.728350479
-9.970004863
-7.735221079
-0.6691714021
2.465556031
6.393421247
-1.703887712
8.537082696
1.947664914
-9.963384058
3.600758512
-5.744527099
-9.694883355
4.714964633
1.038207646
5.672421785
-8.236618541
-2.886006332
-4.005967225
1.380059954
0.2030641048
5.642525
-6.258841834
1.529910131
2.887548167
-0.8026402543
1.159544599
9.486521267
5.033448351
-2.38027278
-1.319674291
4.256629682
-8.125758125
2.756164453
-7.712830082
-7.963040242
3.333375583
-6.658002449
5.29436938
5.011808222
-3.759594566
1.417291992
2.9028129
6.229292187
-5.970673606
3.524854328
6.45781167
-1.712286422
-0.1260638996
0.2849879218
8.786572554
-8.966984773
1.431056482
-0.2047981531
-3.123437996
3.398334397
5.388800213
0.8011915392
-9.167239058
-5.298382697
-9.591204973
-3.444434153
-0.6388784425
5.691382262
0.6454591166
-0.4514699864
3.958994414
-9.651656294
3.899815299
-3.760808264
1.195819189
2.136132908
-6.357146857
-4.994548195
1.576361171
-4.747546565
-5.211659013
-2.819372995
8.088219965
7.38420611
0.2807155708
-8.965046378
6.006758138
-6.376216242
3.374825088
6.707434295
9.295931135
-7.463081826
0.4662264341
7.012220893
0.7521850807
4.600929522
5.709192924
6.731910895
3.330648543
7.954783795
2.95582468
8.892747807
2.585967638
7.448572478
1.913107209
-3.113020314
6.269149726
-1.35237944
-7.469086791
9.371374653
7.051270478
1.225188472
3.412245951
9.954484438
-6.773825594
0.6907992021
-2.180425844
0.8229514
-7.932442934
-1.185154838
-0.770717251
1.917832884
3.247503622
1.802987471
4.587655202
1.618052477
-1.137937828
-0.0642311092
-1.398223659
-5.798522938
-5.463977677
-0.8522264782
-1.328945747
5.585675181
-1.582832474
3.467366651
-6.679226321
6.481179688
3.708135523
5.781047972
-2.810310248
3.250980009
-5.658190723
-5.579884249
-5.150864552
-4.70823366
-1.831760888
6.573908964
8.948391084
2.649159935
-7.30521727
-1.600130946
8.723707778
-3.589114493
2.385619721
8.702672946
-0.7863532791
0.007981082337
8.373874195
8.59647142
8.089737468
0.2726906136
2.796225012
1.780123518
-6.830103601
2.468980088
-3.617113542
-7.385289988
-5.699939909
-3.726794056
9.029036016
9.815343234
7.337727276
-0.7627804199
-0.6876549484
5.29457014
-8.031838458
9.880747393
3.844297664
-4.014286179
8.176963851
1.051576935
-8.296200451
-7.835085136
-9.366702895
-5.676105276
-8.971721101
0.2054493052
-8.341192224
-1.13755434
-5.275985185
1.194413953
-1.220644171
6.750809255
-3.269104909
-5.395367062
8.802316667
-0.672726072
-9.436844815
-8.411272324
1.111435351
-5.784571952
-7.035287695
-6.089352497
4.894978991
8.980279217
-7.412440641
7.595604948
4.238396456
1.13686635
-8.65962723
5.754822339
6.245603086
5.091637334
1.009791232
2.632095865
-1.266742118
-3.843059822
-5.845774615
5.415217788
8.695516354
2.430314279
0.6849485729
7.66540934
-9.103940541
-3.946489181
-2.350577779
-9.378010186
0.3986590924
8.811528299
5.944900388
0.7018872338
3.530820798
5.704696384
-4.778133959
-4.486727972
2.104475734
3.483622316
-9.927730531
7.11401958
-7.101759071
0.2470434682
1.243607774
-9.856177012
-1.422989242
0.6748553294
3.814134008
8.063477689
-8.62877747
-4.338025708
0.558646259
-4.195300706
-1.597374269
9.641059065
-8.861332784
8.578264244
3.359564279
-0.02838907467
-0.7060582646
1.178689417
-4.168256855
-6.563990386
2.394813115
9.769545916
0.3244132905
3.420167
0.3906515935
-5.999382782
1.573917351
9.1575912
3.848483078
-9.453261219
-2.737623853
2.677707052
1.341462159
-7.57332578
8.729465664
-2.123217335
4.58525444
5.713745107
-5.740145563
3.252486852
0.4673419932
-6.434055396
4.368817163
0.8115302093
-5.718124202
-1.63876377
3.615230374
9.875230474
0.9687566166
5.87840074
-3.388436553
0.2312207746
6.700500007
9.409159805
-6.430559879
7.026151768
9.76793942
-0.9907596816
-3.840797121
8.249192092
-5.602855396
9.765274153
-1.969167794
-8.155327446
-7.264502463
-0.458553441
-8.781044523
-4.962291302
5.900045195
5.706638517
6.216396674
-9.074743769
5.328979999
6.136930937
-9.679006454
-2.173441313
7.311541435
9.169492699
8.391838826
0.9397586859
-3.801574542
1.785299922
1.919809758
3.291037028
1.816300493
7.361108974
-2.520443351
-5.119669293
-9.590268551
-5.346227816
-6.767967017
-5.236792079
7.619263328
4.631988648
-5.13221837
5.86108544
0.8824170637
-1.870275111
-5.883954741
-3.785362394
-8.415069639
-5.327529814
3.315027926
-2.97959692
6.394403909
3.223098016
2.487022055
-1.594443204
2.900045657
7.496613095
-3.774546929
-3.144959455
6.97358313
0.5978822569
8.473761744
-6.248941045
-5.702534774
7.249174915
-8.010192381
-0.5667524942
6.788071186
3.874732072
-0.75517031
-6.696030117
1.016317837
9.759573378
6.103150893
-8.901423319
4.218567524
9.532325491
-6.132521529
9.128154126
-5.333089055
6.387956449
-7.011626316
0.2820947627
-2.719706337
3.413750539
-6.417658194
1.594966817
-9.951526247
-1.486915295
0.31586418
6.755931996
5.152753276
-8.162167218
2.500673347
3.200057724
4.680574721
1.097200694
-7.852889802
2.806955613
3.41061706
-4.997860169
8.965505202
-0.9470176986
7.334312778
3.061621852
2.330702187
0.9880175959
2.951349204
6.886705002
5.537576469
3.452549329
-9.363093327
-9.826104553
-2.8292471
-9.387323576
0.3569490648
-9.928921984
-0.3853920111
-2.447827751
9.149280759
-8.882929
-8.696180535
6.985330945
5.905157565
8.716923043
-8.435267028
2.40199549
0.2880974756
-3.568519103
2.216229012
8.36155577
-8.74868987
3.194522804
-4.296569871
-1.89104617
6.993890689
-7.565409892
6.859421472
-1.915145113
9.677749575
8.36031323
-1.846512345
-4.041593838
-5.581072337
-5.645281208
5.374761285
5.108849637
9.565064627
-8.333804562
-5.596332393
9.674218719
0.927487577
1.073408311
-3.024580094
4.075728719
-0.004724373235
-0.6101347774
0.9954568916
-9.496395971
0.6252127874
-7.340708783
-0.8214181156
-8.354575952
7.779232982
-2.431487905
-1.392905792
4.841223633
-6.884509612
1.500473838
0.2209550147
-2.633928447
3.666710328
5.889724056
-0.6463101361
2.547022116
8.250782336
-0.8605627532
-7.299601057
0.8646618874
-1.399438888
5.3662616
5.953492217
-6.563080563
-1.241221274
-4.663580103
9.093784492
8.737442677
-1.31302496
-1.379786244
4.92954301
1.919518992
-4.818580268
-0.3365986954
7.802167534
3.631081836
1.262530566
7.535078489
-4.474472347
9.936949508
-6.003203334
6.795870558
4.846839216
7.281078348
1.69835149
-5.352374722
-0.3296013737
7.247504272
5.956090094
-6.529789263
9.844198578
-9.391755176
-2.147030734
5.088026307
9.474793658
-7.157467157
8.480810973
-5.619520909
1.052770936
-1.343850605
6.16110209
-7.228608382
-6.182601577
1.350250091
-5.800966332
7.599852971
1.56706009
8.235102099
5.286831647
-0.5011372177
3.848165969
-8.803955975
2.625170625
9.680945288
-7.612310395
-0.968666521
-9.629321106
3.762557168
-9.611547371
-0.8945555954
-5.616991797
6.144309922
2.912748135
3.325376578
0.9978221252
-4.991071939
6.313820485
7.602399109
-1.23365802
1.726596301
2.486008486
4.552111195
1.818074984
6.131951531
6.481761579
1.131007309
7.659076084
-5.941227159
-1.727691326
2.602196987
-7.948546057
4.372872416
-0.4063332445
-2.420123258
-0.9630658533
-2.648276894
-5.209239122
8.317448515
5.987245898
-3.321199572
-6.618966568
-7.667475477
5.906656962
4.04056457
-8.495346897
-7.668120207
8.276080674
7.395427878
-4.160951111
-7.960000611
6.177827631
-9.476526716
2.726953918
-6.798259704
3.832488574
-6.639606077
-3.019025454
-7.558261674
-4.25825938
-7.418052747
-0.7322765762
2.988154607
-2.109788627
9.059170029
5.097307815
0.8875066148
1.270457839
-3.587920934
0.250395339
5.156233944
-9.96380749
-0.3881620525
8.083130821
6.99000428
-5.580091309
4.724728842
1.697472733
0.5107222865
3.228890257
2.64135225
-8.571652044
-1.663155286
-6.014055584
4.011668816
-4.533793357
-1.271611312
6.432512944
5.661259748
7.083202997
-0.4189230964
8.5298948
-9.368906239
8.765664927
-3.027424148
6.256461534
8.966421938
7.836281434
3.960382347
3.403662789
9.471559455
-0.697825299
-7.919658766
-9.517051661
7.626004085
-9.476179608
9.016559786
1.398352848
3.151358634
8.183408421
8.03904565
-2.182899372
2.250789435
0.4367070347
6.340824427
-8.876343742
2.539508953
-1.4052325
7.218615938
3.757330561
-4.77950789
-7.315224981
0.8268335895
9.63798804
-3.001854893
9.908234978
0.3615044789
-6.193254224
-9.387686955
-3.939538651
-9.298436707
1.8010225
4.03241072
3.399757239
-2.875803156
-7.76710543
2.826403817
-8.736053674
2.887264023
6.705777642
-8.856819172
-2.882606123
2.374388486
2.772015759
-6.041225144
2.467257042
1.150812753
7.714355275
3.94050894
-2.714737991
-5.493048739
2.218182734
-4.888692526
-8.483733875
6.454042086
-5.440954025
-2.408943583
6.929747619
-7.936986983
9.387795663
0.4564747798
3.466730046
4.630608613
9.6195761
1.055139548
3.994486888
3.653726426
2.604662824
5.986899234
-3.08691001
-0.3621633551
-8.437549218
8.202116767
1.184514816
0.4997233414
-4.660962203
7.999857712
-9.721728636
-8.059977278
-8.798501501
-5.181553149
-0.06301581076
-0.7295190518
-4.589075818
1.102183737
-5.453297069
-2.686074064
-6.600737647
3.285451583
-8.36665637
-3.13422621
0.6205063549
0.9906016443
-2.646912825
2.875040794
-6.711038401
4.4859433
8.504993118
9.796518752
7.569651152
-4.781622767
-9.238133347
9.480515301
1.142397842
0.7941995839
-7.070777339
8.249843551
9.152191767
7.192597901
3.855209301
-2.281973027
8.53455764
7.089327965
6.757724806
1.681137861
-8.600450647
-9.486904486
-5.487957606
-8.153953444
4.902107856
7.021108907
0.8093999933
2.225423274
-0.5372483094
8.703773551
2.256254048
2.407222446
7.160132067
-2.325248939
-8.717809739
4.802943944
6.88378561
0.4046695493
-0.6471093354
-8.027517678
-3.734837097
-6.252276564
4.948498807
-6.792671635
3.692616405
-1.186579503
-9.914974032
4.046758452
5.857849649
-3.230213019
-0.4532796777
-9.025664986
-5.46858642
3.925138551
-7.17725349
-5.388180488
3.895753135
-8.632690017
4.586649256
2.549158718
3.041321456
-3.570662079
0.7688598618
-8.424347737
-4.309675886
-5.942679611
0.2269613985
3.044185001
2.301735401
-7.327258748
-6.39689308
-0.05486570761
-9.599020676
4.722759341
1.848487838
-6.823334459
8.34623544
0.8745192226
9.95525345
-9.153513227
6.258929551
-8.452386266
8.804939181
-2.771279755
3.332245371
4.292136483
4.261976747
3.879030559
-9.767006358
-5.590487514
5.945437445
5.739405438
6.033241162
-9.843428118
-9.17307747
-8.523477876
7.474952967
-0.4512194012
4.63446416
-5.63366494
3.396600029
-1.119456729
9.772803878
-4.275034816
-7.830131591
0.9380222716
3.623429996
-7.30559465
0.7848808729
4.887821467
-7.763131305
5.713425263
0.8831722084
-9.789509288
1.781957891
6.093404587
9.818861325
9.826192381
-1.720991968
-9.253299904
9.408242634
-5.589206326
9.100231462
9.307456085
-3.43326602
5.255139444
2.63843618
6.928615034
9.087979068
-5.883917151
-1.813110513
4.571141134
1.798379825
8.823919367
-1.062252329
2.351675642
-8.350235322
-5.391740017
-7.560266168
5.333787468
-9.61463088
8.819965082
6.717790845
3.580188497
-9.426997186
-4.842045035
-7.274361313
4.213974793
-8.610681716
7.79776238
1.087399701
-7.932218558
-0.7894890411
-7.16029829
-1.537125163
4.277463177
3.925872149
-3.037015482
-3.024814293
-8.477508605
-8.249746471
-9.002378655
-8.510476841
-2.298211692
6.327427645
-3.176458003
0.1223641011
2.469743474
1.705768329
-7.322497434
2.388283312
0.4471279712
5.029562627
3.513561706
-0.420842746
9.122681255
-4.781669827
4.212945311
-5.96716164
3.27236106
-5.009685486
-5.875051414
-2.596569132
0.1771336549
3.618513051
-3.808094759
-2.353265922
5.2185687
-3.399384872
-8.724011906
-9.077910851
-7.301492667
-0.6096850054
-2.317917983
3.503968945
-8.092108222
-6.763902499
9.382878412
-1.51029935
8.321060901
-5.313085657
9.650948885
-7.470234841
5.598457572
9.612633441
-0.2594746505
-0.2022878415
-6.497080993
2.178822764
-5.142359187
4.335943162
-0.5186728552
-5.35223686
-0.7864019528
-9.507853589
-8.057374273
-7.970903093
-2.215575425
4.319317478
-8.942358544
-9.750241072
-7.050600734
8.733505673
7.314700944
-1.949605503
-6.774119402
-2.90351409
8.696651855
2.870968733
-0.5786317104
-1.952644703
7.931078739
9.469455459
5.573508052
6.666866385
-3.858213173
8.790351574
-0.9460260659
-6.413886139
1.926045192
3.682067724
-1.253128491
-2.533104773
4.086296457
-4.805178144
3.726948662
1.498413348
-3.299857961
3.53380775
-9.142083804
0.9765061925
1.91198849
-4.255606483
-2.874366059
7.260369981
2.387418202
2.798837355
-7.90778008
-5.241644803
4.385612239
3.989395855
-1.067562517
-9.214954458
-8.9920732
-8.22992881
7.286529335
-7.278100659
3.165234695
1.539323058
4.531910899
1.651377147
-6.411642076
4.681671903
1.908880269
0.9236986376
4.542465214
-3.721061482
-8.587849972
-8.235720328
-3.445452654
-5.366351565
4.96434348
2.152777371
-8.09137325
4.397066835
8.321956294
6.487603915
3.466181086
5.532813158
-6.997517603
-8.689748451
4.959599604
9.695640495
-5.195137998
1.238719104
-8.383484474
1.223732897
-0.9912722965
-5.188954789
1.307581029
3.079869658
8.233423787
5.652877353
9.536566617
-1.145633957
-7.179571247
-1.800635527
5.845945114
-5.779269477
-6.452373731
2.902043227
8.940736261
-1.814733688
3.937437585
-1.920539095
-3.003675686
-7.340621965
-9.601748141
-7.606587419
-1.115188113
4.595694998
-8.926194856
-5.566644258
-9.378710005
6.666488049
-2.362485642
-4.308415661
5.673432103
-4.421928475
-4.383650996
8.700027025
-6.71570208
-9.241798685
9.120851035
-3.877303101
-1.718481671
5.935844728
-2.876309512
-7.90284175
5.778015371
-7.407687948
-6.039201372
-7.205854925
-5.566805606
-5.29306121
4.52807928
-8.095119809
3.364876234
8.218643815
2.599959017
-3.262310337
6.789005098
7.971272592
-0.1308302707
1.269650104
1.613264392
-7.344855117
-2.538786504
6.232283297
0.3920921996
8.791693729
2.316372826
5.589095488
-5.039422607
1.186152827
6.212787605
-6.9457798
0.8031808914
2.206025858
-6.258863796
2.737811218
-8.648503942
5.590792867
-3.480526066
-0.3443152434
-2.353786934
-3.460446781
9.75359366
7.579957549
-3.954126833
-6.78705891
0.58627998
-7.238809907
2.995809522
-5.340922996
-8.068867958
-9.560148999
7.181263247
-7.145801272
-1.941420161
-8.128711271
-7.642126984
-2.503662607
-6.692275669
4.379045186
-7.482972754
4.776673864
6.827685679
-8.346386635
-9.19843814
-0.1293424891
2.015169
3.679987222
-0.4345052071
0.8631793282
0.9922040249
4.275640839
-6.876782751
-9.565151569
0.1610557627
9.073756869
-9.496931675
2.256032753
-0.1223708711
8.003920807
-9.52785726
3.190117121
3.124416463
7.675055703
0.7284382972
3.812943911
-1.746666973
6.53181671
3.700240467
-7.839739491
-7.202102711
-6.83856125
-7.589213566
-5.394448377
-1.532752301
3.415230146
-3.267573734
0.3950879826
6.42240683
7.691838807
4.089874526
6.689810392
-3.81849744
5.812341758
8.333254158
-9.231889829
-1.087425445
-5.201416624
-0.1196911965
2.349516157
-5.819036251
7.488546715
-4.882167179
4.272182816
7.044599967
8.648229247
9.11458535
3.60401614
2.57039383
1.919312862
-0.2975768642
-2.791360214
-9.584693638
4.973449116
-2.126495073
-4.413231008
5.550621234
3.205318188
8.195932881
-7.44770731
-2.352829028
1.547698614
-2.910047488
-3.039033857
-0.3182261074
-8.571231225
-9.226286179
6.812192889
-9.852622207
4.075156077
-1.08873794
9.390191419
6.198437864
-2.007763907
-2.123406421
-7.428116786
-2.708170652
-5.916376856
-3.678567843
1.246314523
7.238235811
-8.035965735
6.601136414
8.413334675
-5.527439753
-5.983048307
5.368703622
-9.589436002
-0.2011291124
-9.55249088
6.145958743
-9.512774265
-6.788921793
-5.077371535
9.942355962
-1.585015057
-8.554744331
-4.99457285
-1.768619265
-1.594801726
-7.556563114
-9.80992428
6.309108269
-5.160897244
-8.331511087
-2.195533682
-1.349214566
0.4819162197
5.206274259
5.76276673
-0.612386485
7.695343024
-8.417137649
-2.886382294
-2.802452425
4.218164609
6.908879539
4.464460082
-7.783177423
1.987045631
0.1924451794
2.107667169
-9.756631095
-4.231959397
-8.962873283
-2.282573131
5.181728679
-4.479964272
2.282287025
2.548669195
-4.967379929
-0.499165315
-7.130090537
-8.599636699
5.859307614
-6.410515483
-7.475854618
9.342302732
-8.887142358
3.638944377
-2.501005404
-6.530252416
-4.542767935
4.633917848
7.10948779
-4.623386056
-3.057106923
-1.808960206
6.548921888
4.998425028
-5.811582475
0.857090666
5.334786025
-0.4251658107
1.109993041
-5.749721562
3.186719045
-8.558464311
-2.765335126
-1.991940409
2.175588929
8.97339461
-5.617555214
0.8831452124
6.044808819
2.059120125
4.776566875
-7.670925074
6.715745225
-3.774018484
-1.257794047
-8.302401835
3.74357047
6.946148316
-0.3262273304
-7.972965333
-7.940839201
-7.687445893
-0.1017770828
2.44049966
-9.334763652
-8.748330488
9.730983532
-4.177925017
-0.4653672003
2.612686392
4.297980396
-7.811074049
-7.806908545
8.241250806
-3.518170528
4.477215741
4.192421452
-0.6238233674
-8.17378293
7.796645318
6.690375616
-1.366542421
-0.8820365345
0.9180350563
-2.430096415
0.09359501081
-0.5465153075
-4.282634746
7.449728589
-9.056795435
-2.713786855
5.48070829
-0.2897223687
5.725583273
-0.3478695925
9.789283923
7.680858422
-9.84536028
-0.4989851851
7.148276905
-3.12948572
4.579862579
-1.633673835
-8.084729881
-3.694882705
-3.739667624
3.091008887
8.53742878
4.07380859
-3.539319039
3.662391647
-8.317953369
-2.489975816
-6.198825669
3.860979488
3.242112527
-2.938551569
-6.387945171
-6.866786469
-5.260208532
-3.430812529
7.391913491
-7.561721075
-6.637142348
-2.590897887
2.086920365
-8.883700023
-5.095478069
6.679428617
3.257671171
-2.971386602
-7.71575371
-3.501926957
-5.109679153
4.211302554
-3.989069018
3.544717136
-1.746879335
-3.001232365
5.716451117
-6.291928264
-0.8635420461
1.670227259
-3.575987984
4.124962078
8.356502774
-8.538587885
-6.371454307
0.1822427169
5.997614203
2.619152191
-9.606186043
-3.400374565
3.076560878
3.742751712
-0.3550216611
-8.925306019
2.555750774
0.08060272277
4.508265899
-2.190115908
6.714508161
-3.849955395
7.275736365
-9.710386153
5.254856878
6.547350032
3.617940876
8.05468283
-5.965317869
-2.961016518
-5.41718995
6.898366857
4.928202711
7.381056649
-3.047542021
-6.920984739
9.365654161
-1.02152802
4.598048076
3.083339349
-7.143063352
6.883552863
9.569265955
9.324971319
-3.271919904
8.518978334
-7.335109827
8.794448904
-9.117993651
-1.818445752
6.860136104
4.524614759
4.418541635
-4.453093736
-1.57572242
1.790998674
-2.21724782
0.1195046491
0.8069896732
6.485400104
4.499558421
3.209765243
-9.282321483
-6.892295773
7.730536715
5.31510221
-6.39231164
-8.696879745
-6.745366023
6.748111835
9.462130042
5.102098712
5.692091722
-9.412312452
7.492763628
3.622991314
-3.019067118
-0.008385214277
9.001151995
-8.918245618
-6.166005329
-6.996983184
0.7649381954
-5.28747485
-8.465320263
0.2999849207
6.725089152
3.638932657
-9.265526323
-9.094599277
0.7617028982
-7.171662426
4.144652234
-5.051088397
-1.200792909
2.405809991
9.454747944
-6.059882478
8.23678193
-2.984498277
-6.76151738
-1.582729064
6.829579766
-9.124276507
-7.260574199
1.798799616
-1.828397599
-0.434437849
6.441078317
-6.654568696
-3.559551881
-5.889817911
-8.013542261
0.4871034951
-5.748554996
8.087535495
-9.079385985
7.94548939
1.754693987
7.231936276
-9.416591382
-3.339786667
0.02220299882
-5.657763856
-1.548070711
-9.409346294
1.743685004
8.594666864
-8.483832067
6.836464873
4.955599866
-5.400277905
0.3623540052
-3.724831397
2.31572448
-5.73654018
-1.282230505
5.781504043
-0.6706459283
3.471098414
7.696729045
8.762768973
9.694752965
7.67113834
-5.128397569
-1.833905413
-2.50388402
-6.955425836
-8.590882729
-4.085129209
7.199234792
-9.220331669
-5.690684191
-3.069044436
2.963198519
1.263328561
5.923659053
3.739274056
7.790071322
-0.2619605421
0.7184007459
6.752923453
-9.886136481
-5.148573907
-5.56986052
1.230925899
4.352247068
-4.950099418
0.1204190639
4.785401922
4.44604498
-0.6337538801
4.123871201
1.181331163
-8.431784018
9.056072388
9.513083914
-6.75972086
-1.64346144
2.391814048
1.362402442
-2.505362252
8.071093693
3.543605257
-7.747414058
3.391268391
-5.640184748
-8.278106865
-2.801355682
-9.007854245
-7.067672563
-0.9386763122
9.664047635
6.837348177
-9.735900836
7.377888891
-4.331706842
-6.047243876
-3.807342867
0.5846795308
-0.3462949667
2.597435891
-6.664577408
-2.514083274
1.649753749
6.21563245
-2.631088534
6.787645506
-1.663816255
8.849761923
-4.072745328
-2.627948875
3.054601432
1.668320772
-2.916604685
-0.3138925909
3.286425409
-8.873205479
2.128047445
4.935655537
5.879409312
-5.72431571
2.822100693
4.622694724
-8.098760216
-8.598541524
7.719099488
-2.773509325
4.068643191
1.20295723
-3.245071675
-3.086944708
8.109252812
-0.93033715
-0.3494024021
9.582932612
-1.766219127
-2.611066397
-8.40073822
-2.244352328
-6.441370784
-7.37316403
-2.646527492
-6.823799464
-3.848730429
3.759578287
6.768800826
-3.903550147
-2.93804584
4.612827018
5.556653994
-6.459378908
-1.964871396
-9.941171132
-1.988058236
7.864049944
-8.850732322
-2.207409131
-4.693120583
-9.264467492
-1.989928741
-5.243826781
6.619391089
2.87250713
-0.4686276709
4.176133399
-8.012327706
5.139564658
-4.028157689
0.05547401659
-8.116446714
6.291108776
0.2093357813
-1.160581891
-7.302169607
2.69751246
-2.95380278
3.654177311
5.24914191
-9.865043774
-4.818808924
3.558283257
-3.278002587
5.002507581
1.139565372
7.164805495
1.411639832
7.787984578
-5.450428504
5.879598
-9.321067666
-8.454654686
-2.081950095
-6.284665975
8.883866994
5.593669772
4.873311541
-0.1600439521
-0.1990286484
1.622213313
1.932527352
7.960527439
-7.583306319
0.1922823087
9.910440528
-0.3714096698
6.756255078
2.073109036
3.28749888
-4.550772157
6.618664967
-5.110674144
3.467248788
-8.237398634
-9.622959075
-0.5530757465
8.779902609
-3.488503611
-3.556939626
-8.959385524
3.50571213
4.434813224
8.074355009
-1.257027776
-7.809666757
-9.24785884
7.61537813
3.045112873
8.309935339
7.611938039
-0.5951880094
3.406807998
4.90131782
-1.555756933
-6.921640687
-4.318347697
0.9695427224
-4.885282728
7.834695932
1.615007277
4.373472205
7.240621138
7.931256411
9.152184869
2.550167002
9.979611488
5.810147564
-4.583517612
9.811010592
6.03011227
-4.937703332
-9.362054747
9.056195903