-1.659559906
4.406489869
-9.997712504
-3.953348547
-7.064882184
-8.153228105
-6.274795772
-3.088785459
-2.064650515
0.7763346801
-1.616109712
3.704390008
-5.910955005
7.562348728
-9.452248136
3.409350204
-1.653903953
1.173796569
-7.192261228
-6.037970218
6.014891374
9.365231514
-3.731516437
3.846452313
7.527783046
7.89213327
-8.299115773
-9.218904335
-6.603391609
7.562850069
-8.033063323
-1.5778475
9.157790603
0.6633056995
3.837542279
-3.68968738
3.730018554
6.692513438
-9.634234453
5.002886299
9.777221778
4.963313088
-4.391120159
5.785586569
-7.935479868
-1.042129476
8.171910062
-4.127717033
-4.244493228
-7.399428558
-9.612660843
3.576710659
-5.76743768
-4.689066813
-0.1685368144
-8.932749098
1.48235211
-7.065428502
1.786110738
3.9951672
-7.953311423
-1.718880244
3.888003155
-1.716414609
-9.000930821
0.7179281183
3.275892904
0.2977822412
8.89189512
1.73110081
8.068038306
-7.250505917
-7.214473055
6.147825774
-2.04646326
-6.692916058
8.550171608
-3.044682805
5.016242063
4.519959707
7.666121824
2.473444141
5.018848681
-3.02203316
-4.601442165
7.917724364
-1.438176203
9.296800943
3.268829956
2.433914404
-7.705080541
8.989785174
-1.00175733
1.567792288
-1.837263945
-5.259460395
8.067590411
1.473589733
-9.942593459
2.342898272
-3.467101965
0.5411620452
7.718841986
-2.8546048
8.170703018
2.467202316
-9.683575143
8.588744675
3.81793835
9.946457009
-6.553189833
-7.257285007
8.651909261
3.93636323
-8.679996546
5.109261052
5.077523769
8.460490711
4.230495173
-7.514580761
-9.602397323
-9.475780262
-9.43387024
-5.075778648
7.200558974
0.7766212868
1.056439574
6.840617847
-7.516533698
-4.41632642
1.715185429
9.391914966
1.220604385
-9.627054213
6.012653454
-5.340514523
6.142103912
-2.242787119
7.270837091
4.942432855
1.12480468
-7.270895487
-8.80164621
-7.573130885
-9.108962429
-7.850117418
-5.485813228
4.259779608
1.194339641
-9.748880397
-8.560514406
9.3455266
1.362009238
-5.934135307
-4.953485109
4.876517082
-6.091410378
1.627178545
9.400399782
6.93657603
-5.203044817
-0.1246057146
2.399114368
6.579617991
-6.864172107
-9.628475956
-8.599557126
-0.2730977813
2.126589233
1.377028742
-3.652751814
9.772323088
1.594904385
-2.397176548
1.018964382
4.906688618
3.384657869
-4.701608847
-8.673303311
-2.598316042
2.59435014
-5.796519802
5.055111075
-8.669270373
-4.793698028
6.095091275
-6.131314348
2.789217618
0.4934061825
8.496159408
-4.73406459
-8.680778186
4.701319266
5.443560591
8.15631705
8.639441384
-9.72096854
-5.312758278
2.33556714
8.980326414
9.003522385
1.133063764
8.312126995
2.831324179
-2.199845717
-0.2801866581
2.086209658
0.9909584302
8.523628534
8.374668713
-2.102487742
9.265250569
-6.520886666
-7.473409611
-7.298416839
0.1132433135
-9.569503895
8.959404224
6.542309423
-9.699620385
-6.476074888
-3.358728513
-7.380063104
6.189813843
-3.105266946
8.802149647
1.640283599
7.576639688
6.894688908
8.107846374
-0.8023946837
0.9269363204
5.972071823
-4.285622965
-0.1949295476
1.982206153
-9.689334489
1.869628164
-1.32647302
6.147210578
-3.695103938
7.857774171
1.557144306
-6.319795967
5.758584677
2.240623541
-8.921814559
-1.5961264
3.581376731
8.37203556
-9.991959502
9.535182981
-2.468393705
9.475670767
2.094322019
6.57691616
1.494230094
2.561523966
-4.288474366
1.736666813
5.000435274
7.166276729
5.101643769
3.961144969
7.289588601
-3.546380063
3.415775816
-0.9825212717
-2.357944959
-1.783773002
-1.970408331
-3.652321081
2.438387358
-1.395054584
9.476041559
3.556017829
-6.028602231
-1.465979813
-3.133075205
5.952776079
7.599965771
8.076839117
3.254396248
-4.595834759
-4.95266597
7.097958854
0.5542929262
6.04322168
1.449770344
4.662850506
0.3802325493
5.41767821
1.377159814
-0.6858024282
-3.146221841
-8.635813032
-2.441516413
-8.407478446
9.656342275
-6.367742973
6.237173954
7.499232899
3.768265048
1.389888255
-6.780571264
-0.6623995447
-3.096558977
-5.499200844
1.850237375
-3.754603246
8.326111069
8.192710499
-4.857634124
-7.782173985
-6.14074536
-0.008316586422
4.571713359
-5.836111232
-5.039328832
7.033437499
-1.683025635
2.333701343
-5.326677215
-7.960654811
0.3171403394
-0.457180259
-6.946567118
2.436124635
0.8802023763
3.082746939
-7.109089198
5.030556343
-5.559017204
0.3870364873
5.705920564
-9.55339144
-3.512750805
7.458447528
6.894192152
0.7688118519
7.332165483
8.996119827
6.528139953
7.082308877
-8.025131964
3.026086647
4.070339763
2.204816253
5.992305235
-9.308575603
5.404774691
4.634572015
-4.806032134
-4.858614024
2.646066349
-3.094050768
5.93177356
-1.07707536
5.654988296
9.809435672
-3.995033209
-7.139883435
8.026168727
0.8311875777
9.494807417
2.732088
9.878260492
0.9214160829
0.5285186781
-7.291441939
-2.88589658
-9.475628654
-6.79209641
4.912743854
-9.392006201
-2.669138055
7.246925057
3.85355435
3.818842841
-6.227263981
-1.161914385
1.631548147
9.795034153
-5.921875495
-5.045341965
-4.756538325
5.003448266
-0.8604934513
-8.861411232
0.1703248122
-5.760796707
5.972084895
-4.05337237
-9.447879761
1.868648989
6.876808579
-2.379677519
4.997166215
0.2228295659
0.8190360992
9.188686421
6.07921783
-9.353538668
4.187745025
-0.6999703687
8.950978828
-5.571345314
-4.658559606
-8.370520702
-1.427623427
-7.81962472
2.675735212
6.059264747
3.936009922
5.324227622
-3.150917603
6.917029661
-1.4246245
6.480197408
2.529923172
-7.131539027
-8.432262003
-9.633347142
-8.665500047
-0.8283237258
-7.733161545
-9.444333023
5.097229628
-2.102990391
4.938769912
-0.9519034651
-0.99826506
-0.4385498656
-0.5199214688
6.063266842
-1.952149603
8.093723207
-9.258779041
5.477486854
-7.487172377
2.370271338
-9.792714773
0.7725456515
-9.939640868
9.02387571
8.108040674
5.919338839
8.305486398
-7.088835377
-6.845398603
-6.247366542
2.449918046
8.11618992
9.799103567
4.222449175
4.636008183
8.185864091
-1.982525353
-5.002986395
-6.531396584
-7.610858993
6.252211761
-7.064152532
-4.714050345
6.381783573
-3.788254964
9.648348986
-4.667225957
0.6730668994
-3.710659776
8.215456623
-2.668867123
-1.328153455
0.2458538456
8.777729547
-9.381019875
4.337573273
7.820379086
-9.45425553
0.4410249451
-3.480203765
7.189786417
1.170331018
3.804557363
-0.942930001
2.56618075
-4.198062966
-9.813028441
1.5351187
-3.771115717
0.34535197
8.328117061
-1.47050423
-5.052079268
-2.574124774
8.637222333
8.737367626
6.886598971
8.404130286
-5.441994201
-8.250355809
-5.453805274
-3.712467678
-6.504682473
2.141883239
-1.7282717
6.327030237
-6.297392035
4.037530595
-5.192887503
1.484381777
-3.020248056
-8.86071201
-5.423726581
3.282051107
-0.05499813279
0.3803196815
-6.505596998
1.414317031
9.935068504
6.336702176
1.887452477
9.519781367
8.031251693
1.912158672
-9.351473494
-8.128458084
-8.692565699
-0.9653370262
-2.491303337
9.507000685
-6.640334136
9.455751839
5.349497377
6.484756792
2.652316336
3.374655404
-0.4623533296
-9.737272862
-2.939878289
-0.1585639701
4.601824222
-0.6274331451
-0.8519016782
-7.246745181
-9.782225324
5.16556521
-3.600943238
9.687669004
-5.595315477
-3.22583949
0.4779227133
5.097829141
-0.722844322
-7.503549138
-3.74997243
0.09038339402
3.47698016
5.402999126
-7.393284381
-9.541697374
0.3816464442
6.199774213
-9.747924659
3.449396893
3.736164533
-1.015064928
8.295773735
2.887221695
-9.895203247
-0.3114310897
7.186356122
6.607991401
2.983083942
3.473968478
1.569991596
-4.517604497
1.210599811
3.434595696
-2.951407396
7.116567345
-6.09925028
4.946416207
-4.207945076
5.475985745
-1.445253413
6.153968182
-2.929302747
-5.726135247
5.345690168
-3.827161047
4.664901355
4.889463062
-5.572065982
-5.717757264
-6.021041531
-7.149633245
-2.458348016
-9.467442306
-7.781592619
3.491280475
5.995530738
-8.389409457
-5.36595379
-5.847486764
8.346671262
4.226290363
1.077692221
-3.909640242
6.697080953
-1.293880847
8.469124302
4.121036087
-0.4393738407
-7.475797925
9.520871009
-6.803326993
-5.947957496
-1.376364897
-1.915961884
-7.064970385
4.586378387
-6.225098662
2.877912886
5.086119012
-5.785352158
2.019084962
4.978567505
2.764374212
1.942546059
-4.090354287
4.632129425
8.9061688
-1.488772195
5.643636337
-8.877179207
6.70543205
-6.154999664
-2.098062622
-3.998379081
-8.397927124
8.092620059
-2.596916449
0.6139487695
-0.1176746821
-7.356777161
-5.870918822
-8.476223819
0.1584339989
-4.769008963
-2.858767822
-7.838693426
5.751036793
-7.868322464
9.714176474
-6.456776711
1.448102249
-9.103093308
5.742325793
-6.207881044
0.5580795682
4.801550863
-7.001370302
1.021743484
-5.667655833
5.183920986
4.458303871
-6.469019314
7.239331153
-9.60449801
7.204739948
1.178076223
-1.935590558
5.17493862
4.338580034
9.746523496
-4.438299028
-9.924126552
8.678052166
7.157942091
4.57701755
0.3337756584
4.139124905
5.610591138
-2.502481129
5.406450507
5.012486384
2.264224231
-1.962681521
3.946160385
-9.937742843
5.497932934
7.928332049
-5.213685851
-7.584656314
-5.594320244
-3.958065374
7.660570171
0.8633286048
-4.265767008
-7.232906204
-4.197110738
2.277421795
-3.517229402
-0.8527963662
-1.11765786
6.562707215
-1.473036915
-3.086023576
3.499432096
-5.570358885
-0.6550835215
-3.704686254
2.537112043
7.547209494
-1.046219997
5.689148376
-0.8606859888
3.124586634
-7.363180499
-1.340369861
8.186239773
2.109580021
5.335491745
0.09401216192
-0.03888750344
6.857996804
-8.643861313
1.465445431
8.855251509
0.3572009634
-6.110683809
6.958787849
-4.967217153
4.01452073
0.8052188079
8.976725766
2.486734048
6.759559241
-9.841342476
9.786801123
-8.445708593
-3.557409728
8.923047909
-9.821217953
6.454600108
7.224232767
-1.203383716
-4.885096124
6.053790393
-0.4427599114
-7.313227827
8.556979857
7.91939934
-0.1690969997
7.13404993
-1.628439485
3.669298003
-2.040187212
0.114840349
-6.208965943
9.299778482
-4.115686235
-7.930808878
-7.113691995
-9.718154116
4.318913989
1.289966405
5.891567024
0.1415984657
5.83642079
3.915284285
5.556969537
-1.87034262
2.955412664
-6.404114046
-3.563600732
-6.547907598
-1.8272555
-5.171625041
-1.861560117
9.504446849
-3.593613484
9.649818899
2.726122517
-2.498179632
7.149689982
2.391734787
-4.959338397
5.85711356
-1.341229825
-2.849776653
-3.394461269
3.947377512
-4.626997522
6.165560274
-4.094224112
0.8824276717
-0.2415701639
7.107128252
7.767728688
-6.312311153
1.706969179
7.96410092
-1.077655619
8.43736611
-4.420182191
2.176623484
3.649074195
-5.435885333
-9.724649749
-1.665520753
8.769637837
-3.139437803
5.59488591
-6.505273743
-3.160943274
-7.108045583
4.335416283
3.986152474
3.769946359
-4.93207931
3.847202432
-5.454049182
-1.507017681
-2.561557567
-2.893841768
-8.846903855
2.632932537
4.146332054
2.27177389
2.966255123
-6.601185716
-7.011064021
0.2835008705
7.506654527
-6.320931169
-0.7432176258
-1.421353319
-0.05421628161
-6.76978459
-3.151187177
-4.762391918
6.890538865
6.006644916
-1.467216835
2.140309216
-7.090687795
0.1922658844
-4.061058284
7.193019071
3.431967618
2.669480252
-7.504973999
-0.58824241
9.731455592
8.965983481
2.901712805
-6.965502579
2.782536974
1.313242251
-0.6266832468
-1.439250611
1.985395113
6.99939777
5.022420807
1.587210806
8.494083631
-8.705200331
9.826930175
-8.940109147
-6.010089077
-1.544946767
-7.849822476
2.47340822
-9.040148719
-4.30752238
-8.779266378
4.070386622
3.369123352
-2.428388135
-6.236114799
4.940096581
-3.192414185
5.906023348
-0.2419812164
0.513388887
-9.43018301
2.884640398
-2.986869951
-5.415899454
-1.322332476
-2.350650855
-0.6042191983
9.589667084
-2.712438593
5.488202667
1.055351931
7.782621782
-2.900942977
-5.089626396
8.220384793
-9.129314725
9.015068561
1.128138313
-2.472735666
9.901046447
-8.832747077
0.3341271954
-9.378058491
1.423514784
-6.39062982
2.619184007
9.618473515
7.498051024
-0.9632750116
4.169217401
5.549375
-0.1031383163
0.5706698036
-6.984312033
-2.612001488
-7.155574939
4.537875067
-0.459740112
-1.022423266
7.719959423
0.5523754462
-1.818183362
-4.622159556
-8.559759297
-1.637277325
-9.484930352
-4.176921189
0.07019019697
9.3186613
-7.812341716
3.460821084
-0.001352578016
5.541964586
-7.127860043
-8.335947271
-2.015627893
5.93924504
-6.166485222
5.355543843
-4.194040059
-5.662170248
-9.665688218
-2.026818802
-2.378370174
3.186898724
-8.581631991
-6.947920259
-9.668482342
-7.724072871
3.03578552
-1.946862957
-3.579473717
1.158239885
9.869209262
6.68973028
3.992463648
8.365171783
-9.205425866
-8.593331168
-0.5198742002
-3.016651741
8.745041243
-0.2087007771
0.7929822019
7.905207315
-1.067299084
7.540687785
-4.928365013
-4.523805917
-3.432772198
0.9512854096
-5.597426519
3.428583422
-7.144134344
-8.11799451
7.403834924
-5.262625929
-2.27991978
1.430841855
0.516039399
-8.479522411
7.482518712
9.022712368
6.250146083
-4.323963301
0.5569359224
-3.21166552
1.093346216
9.488069378
-3.765941646
3.375932118
-3.480655854
5.48954532
-3.483800668
7.796546829
5.034154418
5.252641909
-0.6104194288
-5.784709951
-9.170498408
-3.563424001
-9.25774671
3.877108227
3.407000639
-1.390564345
5.355779553
0.7201698948
-9.202801467
-7.304137641
-6.13167202
-3.286723977
-8.953741071
2.10233561
0.2412205505
2.34922024
-1.352888105
6.954009365
-0.9188188788
-9.691929604
7.461362969
3.124030955
6.460060813
9.035513861
-8.98175233
-5.298562718
-8.733131131
-1.566842279
7.27658291
-8.367520346
-0.5377609423
-7.489137804
5.457712043
6.828443136
-9.134181236
-0.2711851366
-5.211779117
9.049475634
8.877852556
2.278680048
9.469747947
-3.102773126
7.957014353
-1.308100532
-5.283707257
8.816559264
3.68436102
-8.701768293
7.408497136
4.027605893
2.098537459
4.647497984
-4.93121915
2.009779105
6.292383625
-8.917726794
-7.389786573
6.848916199
2.366917387
0.6257562096
-5.03418542
-4.098428495
7.453723298
-1.566681303
-8.711394888
7.93970139
-5.932383344
6.52455071
7.635412462
-0.2649851036
1.969293862
0.5453491297
2.496425884
7.100834427
-4.357211032
7.675110164
1.353806602
-7.697939181
-5.459976696
1.919647712
-5.211075262
-7.371686789
-6.763045718
6.897450365
2.043673078
9.271341744
-3.086415734
1.912501963
1.979705779
2.314085744
-8.816455856
5.006343691
8.964189964
0.6935811436
-6.148879581
5.0585183
-9.853620613
-3.434877927
8.352126953
1.767346658
7.103805678
2.093441047
6.45156305
7.589670469
-3.58027251
-7.540904569
4.426066884
-1.193058263
-7.465285817
1.796472962
-9.278633709
-5.996357672
5.766023793
-9.7580648
-3.933086566
-9.572480778
9.949699855
1.640599527
-4.13247443
8.578989238
0.142388471
-0.906155449
1.757430126
-4.717247116
-3.894234013
-2.566908466
-5.111040013
1.690945322
3.916922679
-8.561055597
9.421666393
5.061413117
6.123263259
5.032808082
-8.398780455
-0.3660743396
-1.086540872
3.44945301
-1.025254824
4.086267968
3.632906752
3.942970575
2.372014851
-6.980385334
5.216049126
5.620916444
8.082059718
-5.324626148
-6.466422139
-2.178017538
-3.58870692
6.30953858
2.270517993
5.200035047
-1.446698006
-8.011188742
-7.699299759
-2.531857365
-6.12304465
6.414929972
1.992720168
3.77690518
-0.1778007739
-8.236526375
-5.298447266
-0.7679583822
-6.028169939
-9.490475284
4.587953965
4.498334944
-3.392165073
6.869882521
-1.431150481
7.293722895
3.141308492
1.620713148
-5.985450239
0.5909322096
7.888648369
-3.900120483
7.418912183
8.174905457
-3.403108746
3.661487327
7.984418991
-8.486062365
7.571757264
-6.183212735
6.9953782
3.342375774
-3.113216091
-6.9724886
2.70741923
6.955760874
6.436987495
2.564791943
9.126030195
1.798462542
-6.043344307
-1.413385548
-3.265080026
9.838900238
-2.395270078
9.854017473
0.3760850147
-6.55440597
-8.508518575
-2.593886125
-7.531622804
2.690374326
-1.721603085
9.818312651
8.599112473
-7.015279354
-2.102354749
-0.7684057808
1.218975102
5.607270466
-0.2561218185
-1.60012896
-4.760005906
8.216122782
-9.554569769
6.422437964
-6.230632007
3.715137983
-2.895812213
9.484252558
-7.544557411
-6.248602148
7.788849509
1.668126292
-3.815072307
-9.98471229
-5.448045234
-7.091927317
-5.931323513
7.926451136
7.461887565
4.005788753
-0.590046477
6.542720047
-0.0834720583
-2.730226334
-4.487937945
8.494816271
-2.260215315
-0.1423825314
-4.911237954
7.699330377
-2.334730864
-4.048505694
4.351899244
-6.182601137
-7.636147413
6.739955644
4.882718427
1.810410953
-5.142168501
2.464942904
2.767106415
-3.448611118
-8.650213139
7.610771951
-0.8008653785
5.277454361
-4.922227581
1.827743645
-1.424096793
-2.357987149
-7.465732323
-5.114666736
-8.413168341
-3.942833906
4.834096005
2.300314499
3.448221979
-9.832338409
3.567539445
0.06361381086
-5.38183099
-6.50206982
-6.300340689
6.885200102
9.651795786
8.274792497
-3.052611593
5.604491594
0.929091814
6.328847951
-0.3254609762
1.799025966
5.74526895
-7.995307138
0.7401423368
-2.680333067
2.086136873
9.176050313
-2.1435411
-2.140540041
5.812739872
2.901567982
-2.122319843
3.779100965
-1.919967819
-7.277736915
-0.9871346266
-3.311612146
-5.640621399
8.515496033
3.792787982
1.976417812
4.933149442
0.8394212354
4.010661452
8.611196385
7.25233389
-6.65116285
-4.737219522
-8.567794411
9.573456103
-5.272318027
3.211967119
-8.207386021
-5.784581158
0.05648767037
-7.900926633
-2.222531946
0.7597544028
-3.215916302
1.118004223
0.7353664388
-2.187790025
3.925401662
3.56964908
3.746062987
1.229825176
-2.83840172
2.262246707
8.714725332
1.937770499
9.591803487
-1.179867592
4.79223925
-9.247922427
5.29453278
0.3656316065
-9.893669341
-4.455997904
0.6966446504
5.359257566
-8.938148091
0.981068877
6.019891116
2.991661098
8.6289403
-8.5053711
-4.463870748
8.384750085
5.300102966
1.994806889
6.659362877
7.920869832
9.454407057
9.970410142
-7.207013326
-8.589159105
-8.530666913
-9.705124182
9.43640146
-8.104661671
6.834736524
3.703459938
-0.2488566503
-3.066102373
-2.927044259
-4.923222353
8.220359474
4.51285091
-9.481484144
-0.7695749351
-4.373974549
-9.420676276
7.693637886
5.420107159
-3.405298415
5.931171751
-3.507233556
-3.842351124
8.56218157
9.538323239
0.4711060943
9.038703351
7.759929879
0.3606512319
-2.545023958
4.207091566
-0.8871315072
2.104257902
9.808123938
5.478324999
-3.3144719
-8.220035584
-6.301888194
0.5370375178
-1.657951638
6.013193163
8.664046764
-6.442705041
7.201335418
9.147898527
9.189412137
-9.242748246
-8.848329888
-9.884052142
-3.746376877
-8.886031746
-4.122750291
-2.879670279
9.073540369
-0.4609815503
-4.435231152
0.06010390102
2.867158493
-7.775086549
5.161233163
7.038915426
6.884997191
7.810136648
-2.363152065
-1.123896033
-7.968370481
-5.483861551
9.426409385
-4.307520621
8.147922845
7.811045728
8.450089945
-6.877008711
7.59444287
2.639899009
-5.787436432
-3.097681704
-6.801624228
-1.113036851
-8.324500923
-6.69363019
-6.056073071
3.820546831
1.476057383
7.466462681
-5.107318686
2.592159134
-9.311374694
0.3239692215
7.264529634
9.682530878
-9.802540493
-4.943170358
-5.523006593
-9.049248115
-9.796550875
-0.1960937551
-9.090357087
-4.433437383
2.799491382
-4.106159169
-4.606905977
1.810930445
-2.389318456
4.050460679
-0.077520975
2.664185316
-2.93211306
-4.259121077
-7.335857725
8.741607696
6.09671692
8.760570863
-6.292389507
8.663115256
8.715064154
-4.329109728
-4.507315032
1.028631473
-6.294215213
-1.157977787
-6.293647081
8.947518359
-0.1235068502
9.278355348
2.89883345
-0.3136845394
9.353904919
-7.136204366
2.646597493
3.237767357
-1.323203457
-8.812855493
-0.1455479767
-0.6973211296
6.134936215
-4.866780201
-2.17139274
-5.196555856
3.728868303
9.797669067
-6.451409263
6.428934805
-5.380228814
-8.840483733
-7.223669639
8.703062311
7.770842067
-4.21479009
8.955281322
6.998610705
-1.306904119
-0.6390089027
2.597060432
-6.839363301
-9.704358265
-4.689759651
-9.691127361
3.489976883
1.029376716
-3.567037088
5.604046742
-7.084291376
-5.102387225
-4.153724759
-6.08136107
-8.241226325
7.399523605
-8.236227089
3.674206716
-7.591982463
-9.786019937
1.145364601
8.142181104
7.209133347
-3.230972318
-9.456823413
6.017187103
6.119698646
7.369762326
3.392931998
6.155577246
7.949965646
-0.9234009902
1.156506074
0.1226225766
3.83967809
3.658137353
0.4062727173
6.569362962
0.1155877358
6.497171248
-4.363098237
-6.43010334
9.397411407
4.838790509
-4.804166134
1.624706846
9.105245071
-8.384921844
-8.329315859
2.382696628
-5.510130423
5.303679135
1.363050859
3.323761804
-7.843721984
-8.314338971
2.502421366
-1.805374777
-8.254949523
-2.5787211
3.442888193
-6.208251996
7.914582171
8.996927778
9.231450849
4.601651155
-1.874231446
4.874983927
-4.240262415
-3.711655552
2.117927224
1.896942668
7.573219526
-4.907984887
5.323767304
8.820265336
-9.979341347
-0.47821764
3.14080658
6.866464278
-6.325211762
7.12318476
-2.712690403
7.845478586
-9.445765198
-8.292197218
9.628209315
2.190038515
-1.647353064
-6.615716306
2.998023062
-9.260498633
-3.767721731
-3.53041606
2.14883787
3.016625134
6.921091985
8.551618852
3.209154552
1.563478368
-2.025689127
9.332249853
-6.918416563
7.901736173
-3.779738642
0.9697817933
3.641325169
-5.270606973
-6.645266299
0.1696402686
5.837277512
3.848289243
-7.620533257
8.014844301
-0.405248659
8.933533585
1.068674125
-8.303963567
-5.950739287
7.084759458
4.118547335
7.898790403
-3.417079964
0.5600279328
3.00796265
1.885817072
-5.370741289
-1.463573011
-5.037770719
6.912299245
9.733548899
-8.668583937
4.278560645
-3.397688956
2.508707566
-4.837407014
3.020152186
-2.577056311
-4.103582409
8.235263474
8.849977485
2.271000531
-5.710644383
8.788377418
5.009070934
5.021796146
-5.765573303
6.603130523
-5.198096917
2.632414905
4.214791398
4.847668594
-2.194705908
5.196507934
8.058718042
1.748400385
-8.191805686
-7.420480317
-7.894749467
-6.545450734
-7.471382194
5.566017801
-9.211769756
-5.168831653
7.581328027
9.470377217
2.108440155
9.524765291
-9.130969166
8.971455368
-3.774078351
5.979456807
6.212582069
7.199971832
-0.8289837819
8.612887843
-4.842140311
8.688909851
2.382392665
9.708898299
-9.347122681
4.503333177
1.311084708
-0.151519052
-4.815637487
-3.463386303
-5.010755866
-5.614641793
5.99321675
0.04790011797
-8.336202226
5.539683841
0.6729815217
4.787755747
0.3078738629
-2.00108152
9.724935649
-9.435147597
8.655278159
8.617099355
-2.18162577
-5.710702577
2.384265959
-6.440553291
6.064163887
-4.921322882
-4.183876899
8.3183158
8.058336669
0.7076178346
7.256779612
-2.949348624
9.957685564
-1.326205212
-4.103759764
-9.168515321
9.794139076
-0.7022473818
4.691700281
2.816152481
4.461867993
-8.977781923
8.400908108
8.536824358
1.039900543
9.278317774
-4.38088926
2.042932543
-2.070746199
2.560464635
-3.98735423
6.387167693
-8.60428043
-9.162448594
-9.012072307
-6.990899433
-2.092990524
9.107799785
-7.784091206
2.951059716
0.5524301691
-2.93515188
-6.036015414
-5.588118363
-9.123569805
4.263279463
3.076803984
-1.124604146
4.378789762
-7.800480551
8.774383467
6.952534185
3.180713193
-2.423376627
-1.66866542
-0.3569215569
8.7056754
7.271859098
-0.4415230157
1.090369966
7.508077246
8.985288675
2.783695117
4.970406402
-2.967501873
8.360566382
6.735040997
1.041117624
7.352544192
6.997437629
6.168227132
-7.386143512
0.7200514964
8.015662294
5.416636611
-1.585736019
9.557607867
-4.984536867
-3.327795423
9.084010149
6.174306964
8.00680009
-9.768208212
-2.404711339
-5.289560868
-4.081298962
4.759909928
4.481696897
-0.764011796
-2.694510776
1.69383226
0.6741550927
1.01159118
2.309541422
-2.087034555
5.434369648
-4.975936333
3.115215358
9.207942964
-9.928904791
4.467220888
-7.820099321
0.8757498333
2.538320334
-5.141057485
8.276877505
2.446250574
-5.366106172
5.402643752
-7.8898584
1.104506371
-8.100878604
1.619681454
-4.940397746
2.989336159
4.316539057
0.4837122914
3.150428154
6.265876907
6.150245433
2.393639841
-0.9779507576
-1.841000219
7.494952398
4.058634642
-6.301299553
1.314642933
8.176160646
-6.986200155
6.910353511
6.404049326
-0.01317797404
-9.24832297
-7.049949892
8.452773894
-9.116904079
-2.550024672
2.380792695
-6.061039222
9.621595145
-6.880495339
0.7935839032
2.360226487
-5.380201027
-0.6738202158
-0.1798294173
5.337247527
2.685615055
-0.6489989387
3.338850864
-0.9324514696
0.5142318268
3.171360831
-6.376092361
5.760991023
2.057306751
9.606657703
-5.552336129
-0.6746705167
7.912836052
2.028668194
4.519176917
-1.726596716
3.686192437
8.921100597
-5.996278685
6.147305278
9.390760242
-9.708625365
-5.695808268
-7.652461594
5.348470355
-8.375668281
9.968271172
-2.207759682
8.104055319
-6.22844793
-1.182556004
6.89623638
1.905395613
-0.7568380662
0.2529949351
1.477710538
-1.193615848
-6.128820846
-7.720684771
-6.975441453
-8.950180723
1.173528221
6.954420281
-2.817613222
-8.493782547
-1.48551176
2.040156769
-1.491930688