0
1
2
3
40
41
42
43
0
1
2
3
40
41
42
43
0
1
2
3
4
5
40
41
42
43
44
45
0
1
2
3
4
5
40
41
42
43
44
45
2
3
4
5
6
7
42
43
44
45
46
47
2
3
4
5
6
7
42
43
44
45
46
47
4
5
6
7
8
9
44
45
46
47
48
49
4
5
6
7
8
9
44
45
46
47
48
49
6
7
8
9
10
11
46
47
48
49
50
51
6
7
8
9
10
11
46
47
48
49
50
51
8
9
10
11
12
13
48
49
50
51
52
53
8
9
10
11
12
13
48
49
50
51
52
53
10
11
12
13
14
15
50
51
52
53
54
55
10
11
12
13
14
15
50
51
52
53
54
55
12
13
14
15
16
17
52
53
54
55
56
57
12
13
14
15
16
17
52
53
54
55
56
57
14
15
16
17
18
19
54
55
56
57
58
59
14
15
16
17
18
19
54
55
56
57
58
59
16
17
18
19
20
21
56
57
58
59
60
61
16
17
18
19
20
21
56
57
58
59
60
61
18
19
20
21
22
23
58
59
60
61
62
63
18
19
20
21
22
23
58
59
60
61
62
63
20
21
22
23
24
25
60
61
62
63
64
65
20
21
22
23
24
25
60
61
62
63
64
65
22
23
24
25
26
27
62
63
64
65
66
67
22
23
24
25
26
27
62
63
64
65
66
67
24
25
26
27
28
29
64
65
66
67
68
69
24
25
26
27
28
29
64
65
66
67
68
69
26
27
28
29
30
66
67
68
70
71
26
27
28
29
31
66
67
69
70
71
28
30
31
32
33
68
69
70
71
72
73
29
30
31
32
33
68
69
70
71
72
73
30
31
32
33
34
35
70
71
72
73
74
75
30
31
32
33
34
35
70
71
72
73
74
75
32
33
34
35
36
72
73
74
76
77
32
33
34
35
37
72
73
75
76
77
34
36
38
74
75
76
78
79
35
37
39
74
75
77
78
79
36
38
76
77
78
79
37
39
76
77
78
79
0
1
2
3
40
41
42
43
80
81
82
83
0
1
2
3
40
41
42
43
80
81
82
83
0
1
2
3
4
5
40
41
42
43
44
45
80
81
82
83
84
85
0
1
2
3
4
5
40
41
42
43
44
45
80
81
82
83
84
85
2
3
4
5
6
7
42
43
44
45
46
47
82
83
84
85
86
87
2
3
4
5
6
7
42
43
44
45
46
47
82
83
84
85
86
87
4
5
6
7
8
9
44
45
46
47
48
49
84
85
86
87
88
89
4
5
6
7
8
9
44
45
46
47
48
49
84
85
86
87
88
89
6
7
8
9
10
11
46
47
48
49
50
51
86
87
88
89
90
91
6
7
8
9
10
11
46
47
48
49
50
51
86
87
88
89
90
91
8
9
10
11
12
13
48
49
50
51
52
53
88
89
90
91
92
93
8
9
10
11
12
13
48
49
50
51
52
53
88
89
90
91
92
93
10
11
12
13
14
15
50
51
52
53
54
55
90
91
92
93
94
95
10
11
12
13
14
15
50
51
52
53
54
55
90
91
92
93
94
95
12
13
14
15
16
17
52
53
54
55
56
57
92
93
94
95
96
97
12
13
14
15
16
17
52
53
54
55
56
57
92
93
94
95
96
97
14
15
16
17
18
19
54
55
56
57
58
59
94
95
96
97
98
99
14
15
16
17
18
19
54
55
56
57
58
59
94
95
96
97
98
99
16
17
18
19
20
21
56
57
58
59
60
61
96
97
98
99
100
101
16
17
18
19
20
21
56
57
58
59
60
61
96
97
98
99
100
101
18
19
20
21
22
23
58
59
60
61
62
63
98
99
100
101
102
103
18
19
20
21
22
23
58
59
60
61
62
63
98
99
100
101
102
103
20
21
22
23
24
25
60
61
62
63
64
65
100
101
102
103
104
105
20
21
22
23
24
25
60
61
62
63
64
65
100
101
102
103
104
105
22
23
24
25
26
27
62
63
64
65
66
67
102
103
104
105
106
107
22
23
24
25
26
27
62
63
64
65
66
67
102
103
104
105
106
107
24
25
26
27
28
29
64
65
66
67
68
69
104
105
106
107
108
109
24
25
26
27
28
29
64
65
66
67
68
69
104
105
106
107
108
109
26
27
28
30
31
66
67
68
69
70
106
107
108
110
111
26
27
29
30
31
66
67
68
69
71
106
107
109
110
111
28
29
30
31
32
33
68
70
71
72
73
108
109
110
111
112
113
28
29
30
31
32
33
69
70
71
72
73
108
109
110
111
112
113
30
31
32
33
34
35
70
71
72
73
74
75
110
111
112
113
114
115
30
31
32
33
34
35
70
71
72
73
74
75
110
111
112
113
114
115
32
33
34
36
37
72
73
74
75
76
112
113
114
116
117
32
33
35
36
37
72
73
74
75
77
112
113
115
116
117
34
35
36
38
39
74
76
78
114
115
116
118
119
34
35
37
38
39
75
77
79
114
115
117
118
119
36
37
38
39
76
78
116
117
118
119
36
37
38
39
77
79
116
117
118
119
40
41
42
43
80
81
82
83
120
121
122
123
40
41
42
43
80
81
82
83
120
121
122
123
40
41
42
43
44
45
80
81
82
83
84
85
120
121
122
123
124
125
40
41
42
43
44
45
80
81
82
83
84
85
120
121
122
123
124
125
42
43
44
45
46
47
82
83
84
85
86
87
122
123
124
125
126
127
42
43
44
45
46
47
82
83
84
85
86
87
122
123
124
125
126
127
44
45
46
47
48
49
84
85
86
87
88
89
124
125
126
127
128
129
44
45
46
47
48
49
84
85
86
87
88
89
124
125
126
127
128
129
46
47
48
49
50
51
86
87
88
89
90
91
126
127
128
129
130
131
46
47
48
49
50
51
86
87
88
89
90
91
126
127
128
129
130
131
48
49
50
51
52
53
88
89
90
91
92
93
128
129
130
131
132
133
48
49
50
51
52
53
88
89
90
91
92
93
128
129
130
131
132
133
50
51
52
53
54
55
90
91
92
93
94
95
130
131
132
133
134
135
50
51
52
53
54
55
90
91
92
93
94
95
130
131
132
133
134
135
52
53
54
55
56
57
92
93
94
95
96
97
132
133
134
135
136
137
52
53
54
55
56
57
92
93
94
95
96
97
132
133
134
135
136
137
54
55
56
57
58
59
94
95
96
97
98
99
134
135
136
137
138
139
54
55
56
57
58
59
94
95
96
97
98
99
134
135
136
137
138
139
56
57
58
59
60
61
96
97
98
99
100
101
136
137
138
139
140
141
56
57
58
59
60
61
96
97
98
99
100
101
136
137
138
139
140
141
58
59
60
61
62
63
98
99
100
101
102
103
138
139
140
141
142
143
58
59
60
61
62
63
98
99
100
101
102
103
138
139
140
141
142
143
60
61
62
63
64
65
100
101
102
103
104
105
140
141
142
143
144
145
60
61
62
63
64
65
100
101
102
103
104
105
140
141
142
143
144
145
62
63
64
65
66
67
102
103
104
105
106
107
142
143
144
145
146
147
62
63
64
65
66
67
102
103
104
105
106
107
142
143
144
145
146
147
64
65
66
67
68
69
104
105
106
107
108
109
144
145
146
147
148
149
64
65
66
67
68
69
104
105
106
107
108
109
144
145
146
147
148
149
66
67
68
70
71
106
107
108
109
110
146
147
148
150
151
66
67
69
70
71
106
107
108
109
111
146
147
149
150
151
68
69
70
71
72
73
108
110
111
112
113
148
149
150
151
152
153
68
69
70
71
72
73
109
110
111
112
113
148
149
150
151
152
153
70
71
72
73
74
75
110
111
112
113
114
115
150
151
152
153
154
155
70
71
72
73
74
75
110
111
112
113
114
115
150
151
152
153
154
155
72
73
74
76
77
112
113
114
115
116
152
153
154
156
157
72
73
75
76
77
112
113
114
115
117
152
153
155
156
157
74
75
76
78
79
114
116
118
154
155
156
158
159
74
75
77
78
79
115
117
119
154
155
157
158
159
76
77
78
79
116
118
156
157
158
159
76
77
78
79
117
119
156
157
158
159
80
81
82
83
120
121
122
123
160
161
162
163
80
81
82
83
120
121
122
123
160
161
162
163
80
81
82
83
84
85
120
121
122
123
124
125
160
161
162
163
164
165
80
81
82
83
84
85
120
121
122
123
124
125
160
161
162
163
164
165
82
83
84
85
86
87
122
123
124
125
126
127
162
163
164
165
166
167
82
83
84
85
86
87
122
123
124
125
126
127
162
163
164
165
166
167
84
85
86
87
88
89
124
125
126
127
128
129
164
165
166
167
168
169
84
85
86
87
88
89
124
125
126
127
128
129
164
165
166
167
168
169
86
87
88
89
90
91
126
127
128
129
130
131
166
167
168
169
170
171
86
87
88
89
90
91
126
127
128
129
130
131
166
167
168
169
170
171
88
89
90
91
92
93
128
129
130
131
132
133
168
169
170
171
172
173
88
89
90
91
92
93
128
129
130
131
132
133
168
169
170
171
172
173
90
91
92
93
94
95
130
131
132
133
134
135
170
171
172
173
174
175
90
91
92
93
94
95
130
131
132
133
134
135
170
171
172
173
174
175
92
93
94
95
96
97
132
133
134
135
136
137
172
173
174
175
176
177
92
93
94
95
96
97
132
133
134
135
136
137
172
173
174
175
176
177
94
95
96
97
98
99
134
135
136
137
138
139
174
175
176
177
178
179
94
95
96
97
98
99
134
135
136
137
138
139
174
175
176
177
178
179
96
97
98
99
100
101
136
137
138
139
140
141
176
177
178
179
180
181
96
97
98
99
100
101
136
137
138
139
140
141
176
177
178
179
180
181
98
99
100
101
102
103
138
139
140
141
142
143
178
179
180
181
182
183
98
99
100
101
102
103
138
139
140
141
142
143
178
179
180
181
182
183
100
101
102
103
104
105
140
141
142
143
144
145
180
181
182
183
184
185
100
101
102
103
104
105
140
141
142
143
144
145
180
181
182
183
184
185
102
103
104
105
106
107
142
143
144
146
147
182
183
184
185
186
187
102
103
104
105
106
107
142
143
145
146
147
182
183
184
185
186
187
104
105
106
107
108
109
144
145
146
147
148
149
184
185
186
188
189
104
105
106
107
108
109
144
145
146
147
148
149
184
185
187
188
189
106
107
108
110
111
146
147
148
149
150
151
186
187
188
189
190
191
106
107
109
110
111
146
147
148
149
150
151
186
187
188
189
190
191
108
109
110
111
112
113
148
149
150
151
152
153
188
189
190
192
193
108
109
110
111
112
113
148
149
150
151
152
153
188
189
191
192
193
110
111
112
113
114
115
150
151
152
153
154
155
190
191
192
194
195
110
111
112
113
114
115
150
151
152
153
154
155
190
191
193
194
195
112
113
114
116
117
152
153
154
155
156
157
192
193
194
195
196
197
112
113
115
116
117
152
153
154
155
156
157
192
193
194
195
196
197
114
115
116
118
119
154
155
156
157
158
159
194
195
196
197
198
199
114
115
117
118
119
154
155
156
157
158
159
194
195
196
197
198
199
116
117
118
119
156
157
158
159
196
197
198
199
116
117
118
119
156
157
158
159
196
197
198
199
120
121
122
123
160
161
162
163
200
201
202
203
120
121
122
123
160
161
162
163
200
201
202
203
120
121
122
123
124
125
160
161
162
163
164
165
200
201
202
203
204
205
120
121
122
123
124
125
160
161
162
163
164
165
200
201
202
203
204
205
122
123
124
125
126
127
162
163
164
165
166
167
202
203
204
205
206
207
122
123
124
125
126
127
162
163
164
165
166
167
202
203
204
205
206
207
124
125
126
127
128
129
164
165
166
167
168
169
204
205
206
207
208
209
124
125
126
127
128
129
164
165
166
167
168
169
204
205
206
207
208
209
126
127
128
129
130
131
166
167
168
169
170
171
206
207
208
209
210
211
126
127
128
129
130
131
166
167
168
169
170
171
206
207
208
209
210
211
128
129
130
131
132
133
168
169
170
171
172
173
208
209
210
211
212
213
128
129
130
131
132
133
168
169
170
171
172
173
208
209
210
211
212
213
130
131
132
133
134
135
170
171
172
173
174
175
210
211
212
213
214
215
130
131
132
133
134
135
170
171
172
173
174
175
210
211
212
213
214
215
132
133
134
135
136
137
172
173
174
175
176
177
212
213
214
215
216
217
132
133
134
135
136
137
172
173
174
175
176
177
212
213
214
215
216
217
134
135
136
137
138
139
174
175
176
177
178
179
214
215
216
217
218
219
134
135
136
137
138
139
174
175
176
177
178
179
214
215
216
217
218
219
136
137
138
139
140
141
176
177
178
179
180
181
216
217
218
219
220
221
136
137
138
139
140
141
176
177
178
179
180
181
216
217
218
219
220
221
138
139
140
141
142
143
178
179
180
181
182
183
218
219
220
221
222
223
138
139
140
141
142
143
178
179
180
181
182
183
218
219
220
221
222
223
140
141
142
143
144
145
180
181
182
183
184
185
220
221
222
223
224
225
140
141
142
143
144
145
180
181
182
183
184
185
220
221
222
223
224
225
142
143
144
145
146
147
182
183
184
185
186
187
222
223
224
225
226
227
142
143
144
145
146
147
182
183
184
185
186
187
222
223
224
225
226
227
144
145
146
148
149
184
185
186
187
188
189
224
225
226
227
228
229
144
145
147
148
149
184
185
186
187
188
189
224
225
226
227
228
229
146
147
148
149
150
151
186
187
188
189
190
226
227
228
230
231
146
147
148
149
150
151
186
187
188
189
191
226
227
229
230
231
148
149
150
152
153
188
190
191
192
193
228
229
230
231
232
233
148
149
151
152
153
189
190
191
192
193
228
229
230
231
232
233
150
151
152
154
155
190
191
192
193
194
195
230
231
232
233
234
235
150
151
153
154
155
190
191
192
193
194
195
230
231
232
233
234
235
152
153
154
155
156
157
192
193
194
196
232
233
234
236
237
152
153
154
155
156
157
192
193
195
197
232
233
235
236
237
154
155
156
157
158
159
194
196
198
234
235
236
238
239
154
155
156
157
158
159
195
197
199
234
235
237
238
239
156
157
158
159
196
198
236
237
238
239
156
157
158
159
197
199
236
237
238
239
160
161
162
163
200
201
202
203
240
241
242
243
160
161
162
163
200
201
202
203
240
241
242
243
160
161
162
163
164
165
200
201
202
203
204
205
240
241
242
243
244
245
160
161
162
163
164
165
200
201
202
203
204
205
240
241
242
243
244
245
162
163
164
165
166
167
202
203
204
205
206
207
242
243
244
245
246
247
162
163
164
165
166
167
202
203
204
205
206
207
242
243
244
245
246
247
164
165
166
167
168
169
204
205
206
207
208
209
244
245
246
247
248
249
164
165
166
167
168
169
204
205
206
207
208
209
244
245
246
247
248
249
166
167
168
169
170
171
206
207
208
209
210
211
246
247
248
249
250
251
166
167
168
169
170
171
206
207
208
209
210
211
246
247
248
249
250
251
168
169
170
171
172
173
208
209
210
211
212
213
248
249
250
251
252
253
168
169
170
171
172
173
208
209
210
211
212
213
248
249
250
251
252
253
170
171
172
173
174
175
210
211
212
213
214
215
250
251
252
253
254
255
170
171
172
173
174
175
210
211
212
213
214
215
250
251
252
253
254
255
172
173
174
175
176
177
212
213
214
215
216
217
252
253
254
255
256
257
172
173
174
175
176
177
212
213
214
215
216
217
252
253
254
255
256
257
174
175
176
177
178
179
214
215
216
217
218
219
254
255
256
257
258
259
174
175
176
177
178
179
214
215
216
217
218
219
254
255
256
257
258
259
176
177
178
179
180
181
216
217
218
219
220
221
256
257
258
259
260
261
176
177
178
179
180
181
216
217
218
219
220
221
256
257
258
259
260
261
178
179
180
181
182
183
218
219
220
221
222
223
258
259
260
261
262
263
178
179
180
181
182
183
218
219
220
221
222
223
258
259
260
261
262
263
180
181
182
183
184
185
220
221
222
223
224
225
260
261
262
263
264
265
180
181
182
183
184
185
220
221
222
223
224
225
260
261
262
263
264
265
182
183
184
185
186
187
222
223
224
226
227
262
263
264
265
266
267
182
183
184
185
186
187
222
223
225
226
227
262
263
264
265
266
267
184
185
186
187
188
189
224
225
226
227
228
229
264
265
266
267
268
269
184
185
186
187
188
189
224
225
226
227
228
229
264
265
266
267
268
269
186
187
188
190
191
226
227
228
229
230
231
266
267
268
270
271
186
187
189
190
191
226
227
228
229
230
231
266
267
269
270
271
188
189
190
191
192
193
228
229
230
231
232
233
268
269
270
271
272
273
188
189
190
191
192
193
228
229
230
231
232
233
268
269
270
271
272
273
190
191
192
193
194
195
230
231
232
233
234
235
270
271
272
274
275
190
191
192
193
194
195
230
231
232
233
234
235
270
271
273
274
275
192
193
194
196
197
232
233
234
235
236
237
272
273
274
275
276
277
192
193
195
196
197
232
233
234
235
236
237
272
273
274
275
276
277
194
195
196
198
199
234
235
236
237
238
239
274
275
276
277
278
279
194
195
197
198
199
234
235
236
237
238
239
274
275
276
277
278
279
196
197
198
199
236
237
238
239
276
277
278
279
196
197
198
199
236
237
238
239
276
277
278
279
200
201
202
203
240
241
242
243
280
281
282
283
200
201
202
203
240
241
242
243
280
281
282
283
200
201
202
203
204
205
240
241
242
243
244
245
280
281
282
283
284
285
200
201
202
203
204
205
240
241
242
243
244
245
280
281
282
283
284
285
202
203
204
205
206
207
242
243
244
245
246
247
282
283
284
285
286
287
202
203
204
205
206
207
242
243
244
245
246
247
282
283
284
285
286
287
204
205
206
207
208
209
244
245
246
247
248
249
284
285
286
287
288
289
204
205
206
207
208
209
244
245
246
247
248
249
284
285
286
287
288
289
206
207
208
209
210
211
246
247
248
249
250
251
286
287
288
289
290
291
206
207
208
209
210
211
246
247
248
249
250
251
286
287
288
289
290
291
208
209
210
211
212
213
248
249
250
251
252
253
288
289
290
291
292
293
208
209
210
211
212
213
248
249
250
251
252
253
288
289
290
291
292
293
210
211
212
213
214
215
250
251
252
253
254
255
290
291
292
293
294
295
210
211
212
213
214
215
250
251
252
253
254
255
290
291
292
293
294
295
212
213
214
215
216
217
252
253
254
255
256
257
292
293
294
295
296
297
212
213
214
215
216
217
252
253
254
255
256
257
292
293
294
295
296
297
214
215
216
217
218
219
254
255
256
257
258
259
294
295
296
297
298
299
214
215
216
217
218
219
254
255
256
257
258
259
294
295
296
297
298
299
216
217
218
219
220
221
256
257
258
259
260
261
296
297
298
299
300
301
216
217
218
219
220
221
256
257
258
259
260
261
296
297
298
299
300
301
218
219
220
221
222
223
258
259
260
261
262
263
298
299
300
301
302
303
218
219
220
221
222
223
258
259
260
261
262
263
298
299
300
301
302
303
220
221
222
223
224
225
260
261
262
263
264
265
300
301
302
303
304
305
220
221
222
223
224
225
260
261
262
263
264
265
300
301
302
303
304
305
222
223
224
225
226
227
262
263
264
265
266
267
302
303
304
305
306
307
222
223
224
225
226
227
262
263
264
265
266
267
302
303
304
305
306
307
224
225
226
227
228
229
264
265
266
267
268
269
304
305
306
307
308
309
224
225
226
227
228
229
264
265
266
267
268
269
304
305
306
307
308
309
226
227
228
230
231
266
267
268
269
270
306
307
308
310
311
226
227
229
230
231
266
267
268
269
271
306
307
309
310
311
228
229
230
231
232
233
268
270
271
272
273
308
309
310
311
312
313
228
229
230
231
232
233
269
270
271
272
273
308
309
310
311
312
313
230
231
232
234
235
270
271
272
273
274
275
310
311
312
313
314
315
230
231
233
234
235
270
271
272
273
274
275
310
311
312
313
314
315
232
233
234
235
236
237
272
273
274
276
312
313
314
316
317
232
233
234
235
236
237
272
273
275
277
312
313
315
316
317
234
235
236
237
238
239
274
276
278
314
315
316
318
319
234
235
236
237
238
239
275
277
279
314
315
317
318
319
236
237
238
239
276
278
316
317
318
319
236
237
238
239
277
279
316
317
318
319
240
241
242
243
280
281
282
283
320
321
322
323
240
241
242
243
280
281
282
283
320
321
322
323
240
241
242
243
244
245
280
281
282
283
284
285
320
321
322
323
324
325
240
241
242
243
244
245
280
281
282
283
284
285
320
321
322
323
324
325
242
243
244
245
246
247
282
283
284
285
286
287
322
323
324
325
326
327
242
243
244
245
246
247
282
283
284
285
286
287
322
323
324
325
326
327
244
245
246
247
248
249
284
285
286
287
288
289
324
325
326
327
328
329
244
245
246
247
248
249
284
285
286
287
288
289
324
325
326
327
328
329
246
247
248
249
250
251
286
287
288
289
290
291
326
327
328
329
330
331
246
247
248
249
250
251
286
287
288
289
290
291
326
327
328
329
330
331
248
249
250
251
252
253
288
289
290
291
292
293
328
329
330
331
332
333
248
249
250
251
252
253
288
289
290
291
292
293
328
329
330
331
332
333
250
251
252
253
254
255
290
291
292
293
294
295
330
331
332
333
334
335
250
251
252
253
254
255
290
291
292
293
294
295
330
331
332
333
334
335
252
253
254
255
256
257
292
293
294
295
296
297
332
333
334
335
336
337
252
253
254
255
256
257
292
293
294
295
296
297
332
333
334
335
336
337
254
255
256
257
258
259
294
295
296
297
298
299
334
335
336
337
338
339
254
255
256
257
258
259
294
295
296
297
298
299
334
335
336
337
338
339
256
257
258
259
260
261
296
297
298
299
300
301
336
337
338
339
340
341
256
257
258
259
260
261
296
297
298
299
300
301
336
337
338
339
340
341
258
259
260
261
262
263
298
299
300
301
302
303
338
339
340
341
342
343
258
259
260
261
262
263
298
299
300
301
302
303
338
339
340
341
342
343
260
261
262
263
264
265
300
301
302
303
304
305
340
341
342
343
344
345
260
261
262
263
264
265
300
301
302
303
304
305
340
341
342
343
344
345
262
263
264
265
266
267
302
303
304
306
307
342
343
344
345
346
347
262
263
264
265
266
267
302
303
305
306
307
342
343
344
345
346
347
264
265
266
267
268
269
304
305
306
307
308
309
344
345
346
347
348
349
264
265
266
267
268
269
304
305
306
307
308
309
344
345
346
347
348
349
266
267
268
270
271
306
307
308
309
310
311
346
347
348
350
351
266
267
269
270
271
306
307
308
309
310
311
346
347
349
350
351
268
269
270
271
272
273
308
309
310
311
312
313
348
349
350
351
352
353
268
269
270
271
272
273
308
309
310
311
312
313
348
349
350
351
352
353
270
271
272
273
274
275
310
311
312
313
314
315
350
351
352
354
355
270
271
272
273
274
275
310
311
312
313
314
315
350
351
353
354
355
272
273
274
276
277
312
313
314
315
316
317
352
353
354
355
356
357
272
273
275
276
277
312
313
314
315
316
317
352
353
354
355
356
357
274
275
276
278
279
314
315
316
317
318
319
354
355
356
357
358
359
274
275
277
278
279
314
315
316
317
318
319
354
355
356
357
358
359
276
277
278
279
316
317
318
319
356
357
358
359
276
277
278
279
316
317
318
319
356
357
358
359
280
281
282
283
320
321
322
323
360
361
362
363
280
281
282
283
320
321
322
323
360
361
362
363
280
281
282
283
284
285
320
321
322
323
324
325
360
361
362
363
364
365
280
281
282
283
284
285
320
321
322
323
324
325
360
361
362
363
364
365
282
283
284
285
286
287
322
323
324
325
326
327
362
363
364
365
366
367
282
283
284
285
286
287
322
323
324
325
326
327
362
363
364
365
366
367
284
285
286
287
288
289
324
325
326
327
328
329
364
365
366
367
368
369
284
285
286
287
288
289
324
325
326
327
328
329
364
365
366
367
368
369
286
287
288
289
290
291
326
327
328
329
330
331
366
367
368
369
370
371
286
287
288
289
290
291
326
327
328
329
330
331
366
367
368
369
370
371
288
289
290
291
292
293
328
329
330
331
332
333
368
369
370
371
372
373
288
289
290
291
292
293
328
329
330
331
332
333
368
369
370
371
372
373
290
291
292
293
294
295
330
331
332
333
334
335
370
371
372
373
374
375
290
291
292
293
294
295
330
331
332
333
334
335
370
371
372
373
374
375
292
293
294
295
296
297
332
333
334
335
336
337
372
373
374
375
376
377
292
293
294
295
296
297
332
333
334
335
336
337
372
373
374
375
376
377
294
295
296
297
298
299
334
335
336
337
338
339
374
375
376
377
378
379
294
295
296
297
298
299
334
335
336
337
338
339
374
375
376
377
378
379
296
297
298
299
300
301
336
337
338
339
340
341
376
377
378
379
380
381
296
297
298
299
300
301
336
337
338
339
340
341
376
377
378
379
380
381
298
299
300
301
302
303
338
339
340
342
343
378
379
380
381
382
383
298
299
300
301
302
303
338
339
341
342
343
378
379
380
381
382
383
300
301
302
303
304
305
340
341
342
343
344
345
380
381
382
383
384
385
300
301
302
303
304
305
340
341
342
343
344
345
380
381
382
383
384
385
302
303
304
305
306
307
342
343
344
346
347
382
383
384
385
386
387
302
303
304
305
306
307
342
343
345
346
347
382
383
384
385
386
387
304
305
306
307
308
309
344
345
346
347
348
349
384
385
386
387
388
389
304
305
306
307
308
309
344
345
346
347
348
349
384
385
386
387
388
389
306
307
308
310
311
346
347
348
349
350
351
386
387
388
390
391
306
307
309
310
311
346
347
348
349
350
351
386
387
389
390
391
308
309
310
311
312
313
348
349
350
351
352
353
388
389
390
391
392
393
308
309
310
311
312
313
348
349
350
351
352
353
388
389
390
391
392
393
310
311
312
314
315
350
351
352
353
354
355
390
391
392
394
395
310
311
313
314
315
350
351
352
353
354
355
390
391
393
394
395
312
313
314
315
316
317
352
353
354
355
356
357
392
393
394
395
396
397
312
313
314
315
316
317
352
353
354
355
356
357
392
393
394
395
396
397
314
315
316
317
318
319
354
355
356
357
358
359
394
395
396
397
398
399
314
315
316
317
318
319
354
355
356
357
358
359
394
395
396
397
398
399
316
317
318
319
356
357
358
359
396
397
398
399
316
317
318
319
356
357
358
359
396
397
398
399
320
321
322
323
360
361
362
363
400
401
402
403
320
321
322
323
360
361
362
363
400
401
402
403
320
321
322
323
324
325
360
361
362
363
364
365
400
401
402
403
404
405
320
321
322
323
324
325
360
361
362
363
364
365
400
401
402
403
404
405
322
323
324
325
326
327
362
363
364
365
366
367
402
403
404
405
406
407
322
323
324
325
326
327
362
363
364
365
366
367
402
403
404
405
406
407
324
325
326
327
328
329
364
365
366
367
368
369
404
405
406
407
408
409
324
325
326
327
328
329
364
365
366
367
368
369
404
405
406
407
408
409
326
327
328
329
330
331
366
367
368
369
370
371
406
407
408
409
410
411
326
327
328
329
330
331
366
367
368
369
370
371
406
407
408
409
410
411
328
329
330
331
332
333
368
369
370
371
372
373
408
409
410
411
412
413
328
329
330
331
332
333
368
369
370
371
372
373
408
409
410
411
412
413
330
331
332
333
334
335
370
371
372
373
374
375
410
411
412
413
414
415
330
331
332
333
334
335
370
371
372
373
374
375
410
411
412
413
414
415
332
333
334
335
336
337
372
373
374
375
376
377
412
413
414
415
416
417
332
333
334
335
336
337
372
373
374
375
376
377
412
413
414
415
416
417
334
335
336
337
338
339
374
375
376
377
378
379
414
415
416
417
418
419
334
335
336
337
338
339
374
375
376
377
378
379
414
415
416
417
418
419
336
337
338
339
340
341
376
377
378
379
380
381
416
417
418
419
420
421
336
337
338
339
340
341
376
377
378
379
380
381
416
417
418
419
420
421
338
339
340
341
342
343
378
379
380
381
382
383
418
419
420
421
422
423
338
339
340
341
342
343
378
379
380
381
382
383
418
419
420
421
422
423
340
341
342
343
344
345
380
381
382
383
384
385
420
421
422
423
424
425
340
341
342
343
344
345
380
381
382
383
384
385
420
421
422
423
424
425
342
343
344
345
346
347
382
383
384
385
386
387
422
423
424
425
426
427
342
343
344
345
346
347
382
383
384
385
386
387
422
423
424
425
426
427
344
345
346
347
348
349
384
385
386
387
388
389
424
425
426
427
428
429
344
345
346
347
348
349
384
385
386
387
388
389
424
425
426
427
428
429
346
347
348
350
351
386
387
388
389
390
426
427
428
430
431
346
347
349
350
351
386
387
388
389
391
426
427
429
430
431
348
349
350
351
352
353
388
390
391
392
393
428
429
430
431
432
433
348
349
350
351
352
353
389
390
391
392
393
428
429
430
431
432
433
350
351
352
354
355
390
391
392
393
394
395
430
431
432
433
434
435
350
351
353
354
355
390
391
392
393
394
395
430
431
432
433
434
435
352
353
354
355
356
357
392
393
394
396
397
432
433
434
436
437
352
353
354
355
356
357
392
393
395
396
397
432
433
435
436
437
354
355
356
357
358
359
394
395
396
398
399
434
435
436
438
439
354
355
356
357
358
359
394
395
397
398
399
434
435
437
438
439
356
357
358
359
396
397
398
399
436
437
438
439
356
357
358
359
396
397
398
399
436
437
438
439
360
361
362
363
400
401
402
403
440
441
442
443
360
361
362
363
400
401
402
403
440
441
442
443
360
361
362
363
364
365
400
401
402
403
404
405
440
441
442
443
444
445
360
361
362
363
364
365
400
401
402
403
404
405
440
441
442
443
444
445
362
363
364
365
366
367
402
403
404
405
406
407
442
443
444
445
446
447
362
363
364
365
366
367
402
403
404
405
406
407
442
443
444
445
446
447
364
365
366
367
368
369
404
405
406
407
408
409
444
445
446
447
448
449
364
365
366
367
368
369
404
405
406
407
408
409
444
445
446
447
448
449
366
367
368
369
370
371
406
407
408
409
410
446
447
448
449
450
451
366
367
368
369
370
371
406
407
408
409
411
446
447
448
449
450
451
368
369
370
371
372
373
408
410
411
412
413
448
449
450
451
452
453
368
369
370
371
372
373
409
410
411
412
413
448
449
450
451
452
453
370
371
372
373
374
375
410
411
412
413
414
415
450
451
452
453
454
455
370
371
372
373
374
375
410
411
412
413
414
415
450
451
452
453
454
455
372
373
374
375
376
377
412
413
414
415
416
417
452
453
454
455
456
457
372
373
374
375
376
377
412
413
414
415
416
417
452
453
454
455
456
457
374
375
376
377
378
379
414
415
416
417
418
419
454
455
456
457
458
459
374
375
376
377
378
379
414
415
416
417
418
419
454
455
456
457
458
459
376
377
378
379
380
381
416
417
418
419
420
421
456
457
458
459
460
461
376
377
378
379
380
381
416
417
418
419
420
421
456
457
458
459
460
461
378
379
380
381
382
383
418
419
420
421
422
423
458
459
460
461
462
463
378
379
380
381
382
383
418
419
420
421
422
423
458
459
460
461
462
463
380
381
382
383
384
385
420
421
422
423
424
425
460
461
462
463
464
465
380
381
382
383
384
385
420
421
422
423
424
425
460
461
462
463
464
465
382
383
384
385
386
387
422
423
424
425
426
427
462
463
464
465
466
467
382
383
384
385
386
387
422
423
424
425
426
427
462
463
464
465
466
467
384
385
386
387
388
389
424
425
426
427
428
429
464
465
466
467
468
469
384
385
386
387
388
389
424
425
426
427
428
429
464
465
466
467
468
469
386
387
388
390
391
426
427
428
429
430
466
467
468
470
471
386
387
389
390
391
426
427
428
429
431
466
467
469
470
471
388
389
390
391
392
393
428
430
431
432
433
468
469
470
471
472
473
388
389
390
391
392
393
429
430
431
432
433
468
469
470
471
472
473
390
391
392
393
394
395
430
431
432
433
434
435
470
471
472
473
474
475
390
391
392
393
394
395
430
431
432
433
434
435
470
471
472
473
474
475
392
393
394
396
397
432
433
434
435
436
437
472
473
474
475
476
477
392
393
395
396
397
432
433
434
435
436
437
472
473
474
475
476
477
394
395
396
398
399
434
435
436
437
438
439
474
475
476
477
478
479
394
395
397
398
399
434
435
436
437
438
439
474
475
476
477
478
479
396
397
398
399
436
437
438
439
476
477
478
479
396
397
398
399
436
437
438
439
476
477
478
479
400
401
402
403
440
441
442
443
480
481
482
483
400
401
402
403
440
441
442
443
480
481
482
483
400
401
402
403
404
405
440
441
442
443
444
445
480
481
482
483
484
485
400
401
402
403
404
405
440
441
442
443
444
445
480
481
482
483
484
485
402
403
404
405
406
407
442
443
444
445
446
447
482
483
484
485
486
487
402
403
404
405
406
407
442
443
444
445
446
447
482
483
484
485
486
487
404
405
406
407
408
409
444
445
446
447
448
449
484
485
486
487
488
489
404
405
406
407
408
409
444
445
446
447
448
449
484
485
486
487
488
489
406
407
408
409
410
411
446
447
448
449
450
486
487
488
489
490
491
406
407
408
409
410
411
446
447
448
449
451
486
487
488
489
490
491
408
409
410
411
412
413
448
450
451
452
453
488
489
490
491
492
493
408
409
410
411
412
413
449
450
451
452
453
488
489
490
491
492
493
410
411
412
413
414
415
450
451
452
453
454
455
490
491
492
493
494
495
410
411
412
413
414
415
450
451
452
453
454
455
490
491
492
493
494
495
412
413
414
415
416
417
452
453
454
455
456
457
492
493
494
495
496
497
412
413
414
415
416
417
452
453
454
455
456
457
492
493
494
495
496
497
414
415
416
417
418
419
454
455
456
457
458
459
494
495
496
497
498
499
414
415
416
417
418
419
454
455
456
457
458
459
494
495
496
497
498
499
416
417
418
419
420
421
456
457
458
459
460
461
496
497
498
499
500
501
416
417
418
419
420
421
456
457
458
459
460
461
496
497
498
499
500
501
418
419
420
421
422
423
458
459
460
461
462
463
498
499
500
501
502
503
418
419
420
421
422
423
458
459
460
461
462
463
498
499
500
501
502
503
420
421
422
423
424
425
460
461
462
463
464
465
500
501
502
503
504
505
420
421
422
423
424
425
460
461
462
463
464
465
500
501
502
503
504
505
422
423
424
425
426
427
462
463
464
465
466
467
502
503
504
506
507
422
423
424
425
426
427
462
463
464
465
466
467
502
503
505
506
507
424
425
426
427
428
429
464
465
466
467
468
469
504
505
506
508
509
424
425
426
427
428
429
464
465
466
467
468
469
504
505
507
508
509
426
427
428
430
431
466
467
468
469
470
471
506
507
508
509
510
511
426
427
429
430
431
466
467
468
469
470
471
506
507
508
509
510
511
428
429
430
431
432
433
468
469
470
471
472
473
508
509
510
512
513
428
429
430
431
432
433
468
469
470
471
472
473
508
509
511
512
513
430
431
432
433
434
435
470
471
472
473
474
475
510
511
512
513
514
515
430
431
432
433
434
435
470
471
472
473
474
475
510
511
512
513
514
515
432
433
434
435
436
437
472
473
474
475
476
477
512
513
514
515
516
517
432
433
434
435
436
437
472
473
474
475
476
477
512
513
514
515
516
517
434
435
436
437
438
439
474
475
476
477
478
479
514
515
516
518
519
434
435
436
437
438
439
474
475
476
477
478
479
514
515
517
518
519
436
437
438
439
476
477
478
479
516
517
518
519
436
437
438
439
476
477
478
479
516
517
518
519
440
441
442
443
480
481
482
483
520
521
522
523
440
441
442
443
480
481
482
483
520
521
522
523
440
441
442
443
444
445
480
481
482
483
484
485
520
521
522
523
524
525
440
441
442
443
444
445
480
481
482
483
484
485
520
521
522
523
524
525
442
443
444
445
446
447
482
483
484
485
486
487
522
523
524
525
526
527
442
443
444
445
446
447
482
483
484
485
486
487
522
523
524
525
526
527
444
445
446
447
448
449
484
485
486
487
488
489
524
525
526
527
528
529
444
445
446
447
448
449
484
485
486
487
488
489
524
525
526
527
528
529
446
447
448
449
450
451
486
487
488
489
490
526
527
528
529
530
531
446
447
448
449
450
451
486
487
488
489
491
526
527
528
529
530
531
448
449
450
451
452
453
488
490
491
492
493
528
529
530
531
532
533
448
449
450
451
452
453
489
490
491
492
493
528
529
530
531
532
533
450
451
452
453
454
455
490
491
492
493
494
495
530
531
532
533
534
535
450
451
452
453
454
455
490
491
492
493
494
495
530
531
532
533
534
535
452
453
454
455
456
457
492
493
494
495
496
497
532
533
534
535
536
537
452
453
454
455
456
457
492
493
494
495
496
497
532
533
534
535
536
537
454
455
456
457
458
459
494
495
496
497
498
499
534
535
536
537
538
539
454
455
456
457
458
459
494
495
496
497
498
499
534
535
536
537
538
539
456
457
458
459
460
461
496
497
498
499
500
501
536
537
538
539
540
541
456
457
458
459
460
461
496
497
498
499
500
501
536
537
538
539
540
541
458
459
460
461
462
463
498
499
500
501
502
503
538
539
540
541
542
543
458
459
460
461
462
463
498
499
500
501
502
503
538
539
540
541
542
543
460
461
462
463
464
465
500
501
502
503
504
505
540
541
542
543
544
545
460
461
462
463
464
465
500
501
502
503
504
505
540
541
542
543
544
545
462
463
464
466
467
502
503
504
505
506
507
542
543
544
546
547
462
463
465
466
467
502
503
504
505
506
507
542
543
545
546
547
464
465
466
468
469
504
505
506
507
508
509
544
545
546
548
549
464
465
467
468
469
504
505
506
507
508
509
544
545
547
548
549
466
467
468
469
470
471
506
507
508
509
510
511
546
547
548
549
550
551
466
467
468
469
470
471
506
507
508
509
510
511
546
547
548
549
550
551
468
469
470
472
473
508
509
510
511
512
513
548
549
550
552
553
468
469
471
472
473
508
509
510
511
512
513
548
549
551
552
553
470
471
472
473
474
475
510
511
512
513
514
550
551
552
553
554
555
470
471
472
473
474
475
510
511
512
513
515
550
551
552
553
554
555
472
473
474
475
476
477
512
514
515
516
517
552
553
554
556
557
472
473
474
475
476
477
513
514
515
516
517
552
553
555
556
557
474
475
476
478
479
514
515
516
518
519
554
555
556
557
558
559
474
475
477
478
479
514
515
517
518
519
554
555
556
557
558
559
476
477
478
479
516
517
518
519
556
557
558
559
476
477
478
479
516
517
518
519
556
557
558
559
480
481
482
483
520
521
522
523
560
561
562
563
480
481
482
483
520
521
522
523
560
561
562
563
480
481
482
483
484
485
520
521
522
523
524
525
560
561
562
563
564
565
480
481
482
483
484
485
520
521
522
523
524
525
560
561
562
563
564
565
482
483
484
485
486
487
522
523
524
525
526
527
562
563
564
565
566
567
482
483
484
485
486
487
522
523
524
525
526
527
562
563
564
565
566
567
484
485
486
487
488
489
524
525
526
527
528
529
564
565
566
567
568
569
484
485
486
487
488
489
524
525
526
527
528
529
564
565
566
567
568
569
486
487
488
489
490
491
526
527
528
529
530
531
566
567
568
569
570
571
486
487
488
489
490
491
526
527
528
529
530
531
566
567
568
569
570
571
488
489
490
491
492
493
528
529
530
531
532
533
568
569
570
571
572
573
488
489
490
491
492
493
528
529
530
531
532
533
568
569
570
571
572
573
490
491
492
493
494
495
530
531
532
533
534
535
570
571
572
573
574
575
490
491
492
493
494
495
530
531
532
533
534
535
570
571
572
573
574
575
492
493
494
495
496
497
532
533
534
535
536
537
572
573
574
575
576
577
492
493
494
495
496
497
532
533
534
535
536
537
572
573
574
575
576
577
494
495
496
497
498
499
534
535
536
537
538
539
574
575
576
577
578
579
494
495
496
497
498
499
534
535
536
537
538
539
574
575
576
577
578
579
496
497
498
499
500
501
536
537
538
539
540
541
576
577
578
579
580
581
496
497
498
499
500
501
536
537
538
539
540
541
576
577
578
579
580
581
498
499
500
501
502
503
538
539
540
541
542
543
578
579
580
581
582
583
498
499
500
501
502
503
538
539
540
541
542
543
578
579
580
581
582
583
500
501
502
503
504
505
540
541
542
543
544
545
580
581
582
583
584
585
500
501
502
503
504
505
540
541
542
543
544
545
580
581
582
583
584
585
502
503
504
506
507
542
543
544
545
546
547
582
583
584
585
586
587
502
503
505
506
507
542
543
544
545
546
547
582
583
584
585
586
587
504
505
506
508
509
544
545
546
547
548
549
584
585
586
587
588
589
504
505
507
508
509
544
545
546
547
548
549
584
585
586
587
588
589
506
507
508
509
510
511
546
547
548
549
550
551
586
587
588
590
591
506
507
508
509
510
511
546
547
548
549
550
551
586
587
588
589
590
591
508
509
510
512
513
548
549
550
551
552
553
588
589
590
592
593
508
509
511
512
513
548
549
550
551
552
553
588
589
591
592
593
510
511
512
513
514
515
550
551
552
553
554
555
590
591
592
593
594
595
510
511
512
513
514
515
550
551
552
553
554
555
590
591
592
593
594
595
512
513
514
516
517
552
553
554
555
556
557
592
593
594
595
596
597
512
513
515
516
517
552
553
554
555
556
557
592
593
594
595
596
597
514
515
516
517
518
519
554
555
556
557
558
559
594
595
596
597
598
599
514
515
516
517
518
519
554
555
556
557
558
559
594
595
596
597
598
599
516
517
518
519
556
557
558
559
596
597
598
599
516
517
518
519
556
557
558
559
596
597
598
599
520
521
522
523
560
561
562
563
600
601
602
603
520
521
522
523
560
561
562
563
600
601
602
603
520
521
522
523
524
525
560
561
562
563
564
565
600
601
602
603
604
605
520
521
522
523
524
525
560
561
562
563
564
565
600
601
602
603
604
605
522
523
524
525
526
527
562
563
564
565
566
567
602
603
604
605
606
607
522
523
524
525
526
527
562
563
564
565
566
567
602
603
604
605
606
607
524
525
526
527
528
529
564
565
566
567
568
569
604
605
606
607
608
609
524
525
526
527
528
529
564
565
566
567
568
569
604
605
606
607
608
609
526
527
528
529
530
531
566
567
568
569
570
571
606
607
608
609
610
611
526
527
528
529
530
531
566
567
568
569
570
571
606
607
608
609
610
611
528
529
530
531
532
533
568
569
570
571
572
573
608
609
610
611
612
613
528
529
530
531
532
533
568
569
570
571
572
573
608
609
610
611
612
613
530
531
532
533
534
535
570
571
572
573
574
575
610
611
612
613
614
615
530
531
532
533
534
535
570
571
572
573
574
575
610
611
612
613
614
615
532
533
534
535
536
537
572
573
574
575
576
577
612
613
614
615
616
617
532
533
534
535
536
537
572
573
574
575
576
577
612
613
614
615
616
617
534
535
536
537
538
539
574
575
576
577
578
579
614
615
616
617
618
619
534
535
536
537
538
539
574
575
576
577
578
579
614
615
616
617
618
619
536
537
538
539
540
541
576
577
578
579
580
581
616
617
618
619
620
621
536
537
538
539
540
541
576
577
578
579
580
581
616
617
618
619
620
621
538
539
540
541
542
543
578
579
580
581
582
583
618
619
620
621
622
623
538
539
540
541
542
543
578
579
580
581
582
583
618
619
620
621
622
623
540
541
542
543
544
545
580
581
582
583
584
585
620
621
622
623
624
625
540
541
542
543
544
545
580
581
582
583
584
585
620
621
622
623
624
625
542
543
544
545
546
547
582
583
584
585
586
587
622
623
624
625
626
627
542
543
544
545
546
547
582
583
584
585
586
587
622
623
624
625
626
627
544
545
546
547
548
549
584
585
586
587
588
589
624
625
626
628
629
544
545
546
547
548
549
584
585
586
587
588
589
624
625
627
628
629
546
547
548
549
550
551
586
587
588
589
590
591
626
627
628
630
631
546
547
549
550
551
586
587
588
589
590
591
626
627
629
630
631
548
549
550
552
553
588
589
590
591
592
593
628
629
630
631
632
633
548
549
551
552
553
588
589
590
591
592
593
628
629
630
631
632
633
550
551
552
553
554
555
590
591
592
593
594
595
630
631
632
633
634
635
550
551
552
553
554
555
590
591
592
593
594
595
630
631
632
633
634
635
552
553
554
555
556
557
592
593
594
595
596
597
632
633
634
636
637
552
553
554
555
556
557
592
593
594
595
596
597
632
633
635
636
637
554
555
556
557
558
559
594
595
596
597
598
599
634
635
636
638
639
554
555
556
557
558
559
594
595
596
597
598
599
634
635
637
638
639
556
557
558
559
596
597
598
599
636
637
638
639
556
557
558
559
596
597
598
599
636
637
638
639
560
561
562
563
600
601
602
603
640
641
642
643
560
561
562
563
600
601
602
603
640
641
642
643
560
561
562
563
564
565
600
601
602
603
604
605
640
641
642
643
644
645
560
561
562
563
564
565
600
601
602
603
604
605
640
641
642
643
644
645
562
563
564
565
566
567
602
603
604
605
606
607
642
643
644
645
646
647
562
563
564
565
566
567
602
603
604
605
606
607
642
643
644
645
646
647
564
565
566
567
568
569
604
605
606
607
608
609
644
645
646
647
648
649
564
565
566
567
568
569
604
605
606
607
608
609
644
645
646
647
648
649
566
567
568
569
570
571
606
607
608
609
610
611
646
647
648
649
650
651
566
567
568
569
570
571
606
607
608
609
610
611
646
647
648
649
650
651
568
569
570
571
572
573
608
609
610
611
612
613
648
649
650
651
652
653
568
569
570
571
572
573
608
609
610
611
612
613
648
649
650
651
652
653
570
571
572
573
574
575
610
611
612
613
614
615
650
651
652
653
654
655
570
571
572
573
574
575
610
611
612
613
614
615
650
651
652
653
654
655
572
573
574
575
576
577
612
613
614
615
616
617
652
653
654
655
656
657
572
573
574
575
576
577
612
613
614
615
616
617
652
653
654
655
656
657
574
575
576
577
578
579
614
615
616
617
618
619
654
655
656
657
658
659
574
575
576
577
578
579
614
615
616
617
618
619
654
655
656
657
658
659
576
577
578
579
580
581
616
617
618
619
620
621
656
657
658
659
660
661
576
577
578
579
580
581
616
617
618
619
620
621
656
657
658
659
660
661
578
579
580
581
582
583
618
619
620
621
622
623
658
659
660
661
662
663
578
579
580
581
582
583
618
619
620
621
622
623
658
659
660
661
662
663
580
581
582
583
584
585
620
621
622
623
624
625
660
661
662
663
664
665
580
581
582
583
584
585
620
621
622
623
624
625
660
661
662
663
664
665
582
583
584
585
586
587
622
623
624
625
626
627
662
663
664
666
667
582
583
584
585
586
587
622
623
624
625
626
627
662
663
665
666
667
584
585
586
588
589
624
625
626
627
628
629
664
665
666
667
668
669
584
585
587
588
589
624
625
626
627
628
629
664
665
666
667
668
669
586
587
588
590
591
626
627
628
629
630
631
666
667
668
669
670
671
586
587
589
590
591
626
627
628
629
630
631
666
667
668
669
670
671
588
589
590
591
592
593
628
629
630
631
632
633
668
669
670
671
672
673
588
589
590
591
592
593
628
629
630
631
632
633
668
669
670
671
672
673
590
591
592
593
594
595
630
631
632
633
634
635
670
671
672
673
674
675
590
591
592
593
594
595
630
631
632
633
634
635
670
671
672
673
674
675
592
593
594
596
597
632
633
634
635
636
637
672
673
674
675
676
677
592
593
595
596
597
632
633
634
635
636
637
672
673
674
675
676
677
594
595
596
598
599
634
635
636
638
639
674
675
676
678
679
594
595
597
598
599
634
635
637
638
639
674
675
677
678
679
596
597
598
599
636
637
638
639
676
677
678
679
596
597
598
599
636
637
638
639
676
677
678
679
600
601
602
603
640
641
642
643
680
681
682
683
600
601
602
603
640
641
642
643
680
681
682
683
600
601
602
603
604
605
640
641
642
643
644
645
680
681
682
683
684
685
600
601
602
603
604
605
640
641
642
643
644
645
680
681
682
683
684
685
602
603
604
605
606
607
642
643
644
645
646
647
682
683
684
685
686
687
602
603
604
605
606
607
642
643
644
645
646
647
682
683
684
685
686
687
604
605
606
607
608
609
644
645
646
647
648
649
684
685
686
687
688
689
604
605
606
607
608
609
644
645
646
647
648
649
684
685
686
687
688
689
606
607
608
609
610
611
646
647
648
649
650
651
686
687
688
689
690
691
606
607
608
609
610
611
646
647
648
649
650
651
686
687
688
689
690
691
608
609
610
611
612
613
648
649
650
651
652
653
688
689
690
691
692
693
608
609
610
611
612
613
648
649
650
651
652
653
688
689
690
691
692
693
610
611
612
613
614
615
650
651
652
653
654
655
690
691
692
693
694
695
610
611
612
613
614
615
650
651
652
653
654
655
690
691
692
693
694
695
612
613
614
615
616
617
652
653
654
655
656
657
692
693
694
695
696
697
612
613
614
615
616
617
652
653
654
655
656
657
692
693
694
695
696
697
614
615
616
617
618
619
654
655
656
657
658
659
694
695
696
697
698
699
614
615
616
617
618
619
654
655
656
657
658
659
694
695
696
697
698
699
616
617
618
619
620
621
656
657
658
659
660
661
696
697
698
699
700
701
616
617
618
619
620
621
656
657
658
659
660
661
696
697
698
699
700
701
618
619
620
621
622
623
658
659
660
661
662
663
698
699
700
701
702
703
618
619
620
621
622
623
658
659
660
661
662
663
698
699
700
701
702
703
620
621
622
623
624
625
660
661
662
663
664
665
700
701
702
703
704
705
620
621
622
623
624
625
660
661
662
663
664
665
700
701
702
703
704
705
622
623
624
626
627
662
663
664
666
667
702
703
704
705
706
707
622
623
625
626
627
662
663
665
666
667
702
703
704
705
706
707
624
625
626
627
628
629
664
665
666
667
668
669
704
705
706
708
709
624
625
626
627
628
629
664
665
666
667
668
669
704
705
707
708
709
626
627
628
629
630
631
666
667
668
669
670
671
706
707
708
710
711
626
627
628
629
630
631
666
667
668
669
670
671
706
707
708
709
710
711
628
629
630
631
632
633
668
669
670
671
672
673
708
709
710
712
713
628
629
630
631
632
633
668
669
670
671
672
673
708
709
711
712
713
630
631
632
633
634
635
670
671
672
673
674
675
710
711
712
714
715
630
631
632
633
634
635
670
671
672
673
674
675
710
711
713
714
715
632
633
634
635
636
637
672
673
674
675
676
677
712
713
714
716
717
632
633
634
635
636
637
672
673
674
675
676
677
712
713
715
716
717
634
635
636
638
639
674
675
676
677
678
679
714
715
716
717
718
719
634
635
637
638
639
674
675
676
677
678
679
714
715
716
717
718
719
636
637
638
639
676
677
678
679
716
717
718
719
636
637
638
639
676
677
678
679
716
717
718
719
640
641
642
643
680
681
682
683
720
721
722
723
640
641
642
643
680
681
682
683
720
721
722
723
640
641
642
643
644
645
680
681
682
683
684
685
720
721
722
723
724
725
640
641
642
643
644
645
680
681
682
683
684
685
720
721
722
723
724
725
642
643
644
645
646
647
682
683
684
685
686
687
722
723
724
725
726
727
642
643
644
645
646
647
682
683
684
685
686
687
722
723
724
725
726
727
644
645
646
647
648
649
684
685
686
687
688
689
724
725
726
727
728
729
644
645
646
647
648
649
684
685
686
687
688
689
724
725
726
727
728
729
646
647
648
649
650
651
686
687
688
689
690
691
726
727
728
729
730
731
646
647
648
649
650
651
686
687
688
689
690
691
726
727
728
729
730
731
648
649
650
651
652
653
688
689
690
691
692
693
728
729
730
731
732
733
648
649
650
651
652
653
688
689
690
691
692
693
728
729
730
731
732
733
650
651
652
653
654
655
690
691
692
693
694
695
730
731
732
733
734
735
650
651
652
653
654
655
690
691
692
693
694
695
730
731
732
733
734
735
652
653
654
655
656
657
692
693
694
695
696
697
732
733
734
735
736
737
652
653
654
655
656
657
692
693
694
695
696
697
732
733
734
735
736
737
654
655
656
657
658
659
694
695
696
697
698
699
734
735
736
737
738
739
654
655
656
657
658
659
694
695
696
697
698
699
734
735
736
737
738
739
656
657
658
659
660
661
696
697
698
699
700
701
736
737
738
739
740
741
656
657
658
659
660
661
696
697
698
699
700
701
736
737
738
739
740
741
658
659
660
661
662
663
698
699
700
701
702
703
738
739
740
741
742
743
658
659
660
661
662
663
698
699
700
701
702
703
738
739
740
741
742
743
660
661
662
663
664
665
700
701
702
703
704
705
740
741
742
743
744
745
660
661
662
663
664
665
700
701
702
703
704
705
740
741
742
743
744
745
662
663
664
665
666
667
702
703
704
705
706
707
742
743
744
745
746
747
662
663
664
665
666
667
702
703
704
705
706
707
742
743
744
745
746
747
664
665
666
668
669
704
705
706
707
708
709
744
745
746
748
749
664
665
667
668
669
704
705
706
707
708
709
744
745
747
748
749
666
667
668
669
670
671
706
707
708
709
710
711
746
747
748
749
750
751
666
667
669
670
671
706
707
708
709
710
711
746
747
748
749
750
751
668
669
670
672
673
708
709
710
711
712
713
748
749
750
752
753
668
669
671
672
673
708
709
710
711
712
713
748
749
751
752
753
670
671
672
674
675
710
711
712
713
714
715
750
751
752
754
755
670
671
673
674
675
710
711
712
713
714
715
750
751
753
754
755
672
673
674
676
677
712
713
714
716
717
752
753
754
755
756
757
672
673
675
676
677
712
713
715
716
717
752
753
754
755
756
757
674
675
676
677
678
679
714
715
716
717
718
719
754
755
756
758
759
674
675
676
677
678
679
714
715
716
717
718
719
754
755
757
758
759
676
677
678
679
716
717
718
719
756
757
758
759
676
677
678
679
716
717
718
719
756
757
758
759
680
681
682
683
720
721
722
723
760
761
762
763
680
681
682
683
720
721
722
723
760
761
762
763
680
681
682
683
684
685
720
721
722
723
724
725
760
761
762
763
764
765
680
681
682
683
684
685
720
721
722
723
724
725
760
761
762
763
764
765
682
683
684
685
686
687
722
723
724
725
726
727
762
763
764
765
766
767
682
683
684
685
686
687
722
723
724
725
726
727
762
763
764
765
766
767
684
685
686
687
688
689
724
725
726
727
728
729
764
765
766
767
768
769
684
685
686
687
688
689
724
725
726
727
728
729
764
765
766
767
768
769
686
687
688
689
690
691
726
727
728
729
730
731
766
767
768
769
770
771
686
687
688
689
690
691
726
727
728
729
730
731
766
767
768
769
770
771
688
689
690
691
692
693
728
729
730
731
732
733
768
769
770
771
772
773
688
689
690
691
692
693
728
729
730
731
732
733
768
769
770
771
772
773
690
691
692
693
694
695
730
731
732
733
734
735
770
771
772
773
774
775
690
691
692
693
694
695
730
731
732
733
734
735
770
771
772
773
774
775
692
693
694
695
696
697
732
733
734
735
736
737
772
773
774
775
776
777
692
693
694
695
696
697
732
733
734
735
736
737
772
773
774
775
776
777
694
695
696
697
698
699
734
735
736
737
738
739
774
775
776
777
778
779
694
695
696
697
698
699
734
735
736
737
738
739
774
775
776
777
778
779
696
697
698
699
700
701
736
737
738
739
740
741
776
777
778
779
780
781
696
697
698
699
700
701
736
737
738
739
740
741
776
777
778
779
780
781
698
699
700
701
702
703
738
739
740
741
742
743
778
779
780
781
782
783
698
699
700
701
702
703
738
739
740
741
742
743
778
779
780
781
782
783
700
701
702
703
704
705
740
741
742
743
744
745
780
781
782
783
784
785
700
701
702
703
704
705
740
741
742
743
744
745
780
781
782
783
784
785
702
703
704
705
706
707
742
743
744
746
747
782
783
784
785
786
787
702
703
704
705
706
707
742
743
745
746
747
782
783
784
785
786
787
704
705
706
708
709
744
745
746
747
748
749
784
785
786
787
788
789
704
705
707
708
709
744
745
746
747
748
749
784
785
786
787
788
789
706
707
708
709
710
711
746
747
748
749
750
751
786
787
788
790
791
706
707
708
709
710
711
746
747
748
749
750
751
786
787
789
790
791
708
709
710
712
713
748
749
750
751
752
753
788
789
790
791
792
793
708
709
711
712
713
748
749
750
751
752
753
788
789
790
791
792
793
710
711
712
714
715
750
751
752
753
754
755
790
791
792
793
794
795
710
711
713
714
715
750
751
752
753
754
755
790
791
792
793
794
795
712
713
714
715
716
717
752
753
754
756
757
792
793
794
795
796
797
712
713
714
715
716
717
752
753
755
756
757
792
793
794
795
796
797
714
715
716
718
719
754
755
756
758
759
794
795
796
797
798
799
714
715
717
718
719
754
755
757
758
759
794
795
796
797
798
799
716
717
718
719
756
757
758
759
796
797
798
799
716
717
718
719
756
757
758
759
796
797
798
799
720
721
722
723
760
761
762
763
800
801
802
803
720
721
722
723
760
761
762
763
800
801
802
803
720
721
722
723
724
725
760
761
762
763
764
765
800
801
802
803
804
805
720
721
722
723
724
725
760
761
762
763
764
765
800
801
802
803
804
805
722
723
724
725
726
727
762
763
764
765
766
767
802
803
804
805
806
807
722
723
724
725
726
727
762
763
764
765
766
767
802
803
804
805
806
807
724
725
726
727
728
729
764
765
766
767
768
769
804
805
806
807
808
809
724
725
726
727
728
729
764
765
766
767
768
769
804
805
806
807
808
809
726
727
728
729
730
731
766
767
768
769
770
771
806
807
808
809
810
811
726
727
728
729
730
731
766
767
768
769
770
771
806
807
808
809
810
811
728
729
730
731
732
733
768
769
770
771
772
773
808
809
810
811
812
813
728
729
730
731
732
733
768
769
770
771
772
773
808
809
810
811
812
813
730
731
732
733
734
735
770
771
772
773
774
775
810
811
812
813
814
815
730
731
732
733
734
735
770
771
772
773
774
775
810
811
812
813
814
815
732
733
734
735
736
737
772
773
774
775
776
777
812
813
814
815
816
817
732
733
734
735
736
737
772
773
774
775
776
777
812
813
814
815
816
817
734
735
736
737
738
739
774
775
776
777
778
779
814
815
816
817
818
819
734
735
736
737
738
739
774
775
776
777
778
779
814
815
816
817
818
819
736
737
738
739
740
741
776
777
778
779
780
781
816
817
818
819
820
821
736
737
738
739
740
741
776
777
778
779
780
781
816
817
818
819
820
821
738
739
740
741
742
743
778
779
780
781
782
783
818
819
820
821
822
823
738
739
740
741
742
743
778
779
780
781
782
783
818
819
820
821
822
823
740
741
742
743
744
745
780
781
782
783
784
785
820
821
822
823
824
825
740
741
742
743
744
745
780
781
782
783
784
785
820
821
822
823
824
825
742
743
744
745
746
747
782
783
784
785
786
787
822
823
824
826
827
742
743
744
745
746
747
782
783
784
785
786
787
822
823
825
826
827
744
745
746
747
748
749
784
785
786
787
788
789
824
825
826
828
829
744
745
746
747
748
749
784
785
786
787
788
789
824
825
827
828
829
746
747
748
750
751
786
787
788
789
790
791
826
827
828
830
831
746
747
749
750
751
786
787
788
789
790
791
826
827
829
830
831
748
749
750
751
752
753
788
789
790
791
792
793
828
829
830
831
832
833
748
749
750
751
752
753
788
789
790
791
792
793
828
829
830
831
832
833
750
751
752
753
754
755
790
791
792
793
794
795
830
831
832
834
835
750
751
752
753
754
755
790
791
792
793
794
795
830
831
833
834
835
752
753
754
755
756
757
792
793
794
795
796
797
832
833
834
835
836
837
752
753
754
755
756
757
792
793
794
795
796
797
832
833
834
835
836
837
754
755
756
757
758
759
794
795
796
797
798
799
834
835
836
837
838
839
754
755
756
757
758
759
794
795
796
797
798
799
834
835
837
838
839
756
757
758
759
796
797
798
799
836
837
838
839
756
757
758
759
796
797
798
799
836
837
838
839
760
761
762
763
800
801
802
803
840
841
842
843
760
761
762
763
800
801
802
803
840
841
842
843
760
761
762
763
764
765
800
801
802
803
804
805
840
841
842
843
844
845
760
761
762
763
764
765
800
801
802
803
804
805
840
841
842
843
844
845
762
763
764
765
766
767
802
803
804
805
806
807
842
843
844
845
846
847
762
763
764
765
766
767
802
803
804
805
806
807
842
843
844
845
846
847
764
765
766
767
768
769
804
805
806
807
808
809
844
845
846
847
848
849
764
765
766
767
768
769
804
805
806
807
808
809
844
845
846
847
848
849
766
767
768
769
770
771
806
807
808
809
810
811
846
847
848
849
850
851
766
767
768
769
770
771
806
807
808
809
810
811
846
847
848
849
850
851
768
769
770
771
772
773
808
809
810
811
812
813
848
849
850
851
852
853
768
769
770
771
772
773
808
809
810
811
812
813
848
849
850
851
852
853
770
771
772
773
774
775
810
811
812
813
814
815
850
851
852
853
854
855
770
771
772
773
774
775
810
811
812
813
814
815
850
851
852
853
854
855
772
773
774
775
776
777
812
813
814
815
816
817
852
853
854
855
856
857
772
773
774
775
776
777
812
813
814
815
816
817
852
853
854
855
856
857
774
775
776
777
778
779
814
815
816
817
818
819
854
855
856
857
858
859
774
775
776
777
778
779
814
815
816
817
818
819
854
855
856
857
858
859
776
777
778
779
780
781
816
817
818
819
820
821
856
857
858
859
860
861
776
777
778
779
780
781
816
817
818
819
820
821
856
857
858
859
860
861
778
779
780
781
782
783
818
819
820
821
822
823
858
859
860
861
862
863
778
779
780
781
782
783
818
819
820
821
822
823
858
859
860
861
862
863
780
781
782
783
784
785
820
821
822
823
824
825
860
861
862
863
864
865
780
781
782
783
784
785
820
821
822
823
824
825
860
861
862
863
864
865
782
783
784
786
787
822
823
824
825
826
827
862
863
864
865
866
867
782
783
785
786
787
822
823
824
825
826
827
862
863
864
865
866
867
784
785
786
788
789
824
825
826
827
828
829
864
865
866
867
868
869
784
785
787
788
789
824
825
826
827
828
829
864
865
866
867
868
869
786
787
788
790
791
826
827
828
829
830
866
867
868
870
871
786
787
789
790
791
826
827
828
829
831
866
867
869
870
871
788
789
790
791
792
793
828
830
831
832
833
868
869
870
871
872
873
788
789
790
791
792
793
829
830
831
832
833
868
869
870
871
872
873
790
791
792
794
795
830
831
832
833
834
835
870
871
872
873
874
875
790
791
793
794
795
830
831
832
833
834
835
870
871
872
873
874
875
792
793
794
795
796
797
832
833
834
835
836
837
872
873
874
875
876
877
792
793
794
795
796
797
832
833
834
835
836
837
872
873
874
875
876
877
794
795
796
798
799
834
835
836
837
838
839
874
875
876
877
878
879
794
795
796
797
798
799
834
835
836
837
838
839
874
875
876
877
878
879
796
797
798
799
836
837
838
839
876
877
878
879
796
797
798
799
836
837
838
839
876
877
878
879
800
801
802
803
840
841
842
843
880
881
882
883
800
801
802
803
840
841
842
843
880
881
882
883
800
801
802
803
804
805
840
841
842
843
844
845
880
881
882
883
884
885
800
801
802
803
804
805
840
841
842
843
844
845
880
881
882
883
884
885
802
803
804
805
806
807
842
843
844
845
846
847
882
883
884
885
886
887
802
803
804
805
806
807
842
843
844
845
846
847
882
883
884
885
886
887
804
805
806
807
808
809
844
845
846
847
848
849
884
885
886
887
888
889
804
805
806
807
808
809
844
845
846
847
848
849
884
885
886
887
888
889
806
807
808
809
810
811
846
847
848
849
850
851
886
887
888
889
890
891
806
807
808
809
810
811
846
847
848
849
850
851
886
887
888
889
890
891
808
809
810
811
812
813
848
849
850
851
852
853
888
889
890
891
892
893
808
809
810
811
812
813
848
849
850
851
852
853
888
889
890
891
892
893
810
811
812
813
814
815
850
851
852
853
854
855
890
891
892
893
894
895
810
811
812
813
814
815
850
851
852
853
854
855
890
891
892
893
894
895
812
813
814
815
816
817
852
853
854
855
856
857
892
893
894
895
896
897
812
813
814
815
816
817
852
853
854
855
856
857
892
893
894
895
896
897
814
815
816
817
818
819
854
855
856
857
858
859
894
895
896
897
898
899
814
815
816
817
818
819
854
855
856
857
858
859
894
895
896
897
898
899
816
817
818
819
820
821
856
857
858
859
860
861
896
897
898
899
900
901
816
817
818
819
820
821
856
857
858
859
860
861
896
897
898
899
900
901
818
819
820
821
822
823
858
859
860
861
862
863
898
899
900
901
902
903
818
819
820
821
822
823
858
859
860
861
862
863
898
899
900
901
902
903
820
821
822
823
824
825
860
861
862
863
864
865
900
901
902
903
904
905
820
821
822
823
824
825
860
861
862
863
864
865
900
901
902
903
904
905
822
823
824
825
826
827
862
863
864
865
866
867
902
903
904
905
906
907
822
823
824
825
826
827
862
863
864
865
866
867
902
903
904
905
906
907
824
825
826
827
828
829
864
865
866
867
868
869
904
905
906
907
908
909
824
825
826
827
828
829
864
865
866
867
868
869
904
905
906
907
908
909
826
827
828
830
831
866
867
868
869
870
906
907
908
910
911
826
827
829
830
831
866
867
868
869
871
906
907
909
910
911
828
829
830
831
832
833
868
870
871
872
873
908
909
910
911
912
913
828
829
830
831
832
833
869
870
871
872
873
908
909
910
911
912
913
830
831
832
833
834
835
870
871
872
873
874
875
910
911
912
913
914
915
830
831
832
833
834
835
870
871
872
873
874
875
910
911
912
913
914
915
832
833
834
835
836
837
872
873
874
875
876
877
912
913
914
915
916
917
832
833
834
835
836
837
872
873
874
875
876
877
912
913
914
915
916
917
834
835
836
837
838
839
874
875
876
877
878
914
915
916
917
918
919
834
835
836
837
838
839
874
875
876
877
879
914
915
916
917
918
919
836
837
838
839
876
878
879
916
917
918
919
836
837
838
839
877
878
879
916
917
918
919
840
841
842
843
880
881
882
883
920
921
922
923
840
841
842
843
880
881
882
883
920
921
922
923
840
841
842
843
844
845
880
881
882
883
884
885
920
921
922
923
924
925
840
841
842
843
844
845
880
881
882
883
884
885
920
921
922
923
924
925
842
843
844
845
846
847
882
883
884
885
886
887
922
923
924
925
926
927
842
843
844
845
846
847
882
883
884
885
886
887
922
923
924
925
926
927
844
845
846
847
848
849
884
885
886
887
888
889
924
925
926
927
928
929
844
845
846
847
848
849
884
885
886
887
888
889
924
925
926
927
928
929
846
847
848
849
850
851
886
887
888
889
890
891
926
927
928
929
930
931
846
847
848
849
850
851
886
887
888
889
890
891
926
927
928
929
930
931
848
849
850
851
852
853
888
889
890
891
892
893
928
929
930
931
932
933
848
849
850
851
852
853
888
889
890
891
892
893
928
929
930
931
932
933
850
851
852
853
854
855
890
891
892
893
894
895
930
931
932
933
934
935
850
851
852
853
854
855
890
891
892
893
894
895
930
931
932
933
934
935
852
853
854
855
856
857
892
893
894
895
896
897
932
933
934
935
936
937
852
853
854
855
856
857
892
893
894
895
896
897
932
933
934
935
936
937
854
855
856
857
858
859
894
895
896
897
898
899
934
935
936
937
938
939
854
855
856
857
858
859
894
895
896
897
898
899
934
935
936
937
938
939
856
857
858
859
860
861
896
897
898
899
900
901
936
937
938
939
940
941
856
857
858
859
860
861
896
897
898
899
900
901
936
937
938
939
940
941
858
859
860
861
862
863
898
899
900
901
902
903
938
939
940
941
942
943
858
859
860
861
862
863
898
899
900
901
902
903
938
939
940
941
942
943
860
861
862
863
864
865
900
901
902
903
904
905
940
941
942
944
945
860
861
862
863
864
865
900
901
902
903
904
905
940
941
942
943
944
945
862
863
864
865
866
867
902
903
904
905
906
907
942
943
944
945
946
947
862
863
864
865
866
867
902
903
904
905
906
907
942
943
944
945
946
947
864
865
866
867
868
869
904
905
906
907
908
909
944
945
946
947
948
949
864
865
866
867
868
869
904
905
906
907
908
909
944
945
946
947
948
949
866
867
868
870
871
906
907
908
909
910
946
947
948
950
951
866
867
869
870
871
906
907
908
909
911
946
947
949
950
951
868
869
870
871
872
873
908
910
911
912
913
948
949
950
951
952
953
868
869
870
871
872
873
909
910
911
912
913
948
949
950
951
952
953
870
871
872
873
874
875
910
911
912
913
914
915
950
951
952
953
954
955
870
871
872
873
874
875
910
911
912
913
914
915
950
951
952
953
954
955
872
873
874
875
876
877
912
913
914
915
916
917
952
953
954
955
956
957
872
873
874
875
876
877
912
913
914
915
916
917
952
953
954
955
956
957
874
875
876
877
878
879
914
915
916
917
918
919
954
955
956
957
958
959
874
875
876
877
878
879
914
915
916
917
918
919
954
955
956
957
958
959
876
877
878
879
916
917
918
919
956
957
958
959
876
877
878
879
916
917
918
919
956
957
958
959
880
881
882
883
920
921
922
923
880
881
882
883
920
921
922
923
880
881
882
883
884
885
920
921
922
923
924
925
880
881
882
883
884
885
920
921
922
923
924
925
882
883
884
885
886
887
922
923
924
925
926
927
882
883
884
885
886
887
922
923
924
925
926
927
884
885
886
887
888
889
924
925
926
927
928
929
884
885
886
887
888
889
924
925
926
927
928
929
886
887
888
889
890
891
926
927
928
929
930
931
886
887
888
889
890
891
926
927
928
929
930
931
888
889
890
891
892
893
928
929
930
931
932
933
888
889
890
891
892
893
928
929
930
931
932
933
890
891
892
893
894
895
930
931
932
933
934
935
890
891
892
893
894
895
930
931
932
933
934
935
892
893
894
895
896
897
932
933
934
935
936
937
892
893
894
895
896
897
932
933
934
935
936
937
894
895
896
897
898
899
934
935
936
937
938
939
894
895
896
897
898
899
934
935
936
937
938
939
896
897
898
899
900
901
936
937
938
939
940
941
896
897
898
899
900
901
936
937
938
939
940
941
898
899
900
901
902
903
938
939
940
941
942
943
898
899
900
901
902
903
938
939
940
941
942
943
900
901
902
903
904
905
940
941
942
943
944
945
900
901
903
904
905
940
941
942
943
944
945
902
903
904
905
906
907
942
943
944
945
946
947
902
903
904
905
906
907
942
943
944
945
946
947
904
905
906
907
908
909
944
945
946
947
948
949
904
905
906
907
908
909
944
945
946
947
948
949
906
907
908
910
911
946
947
948
949
950
951
906
907
909
910
911
946
947
948
949
950
951
908
909
910
911
912
913
948
949
950
951
952
953
908
909
910
911
912
913
948
949
950
951
952
953
910
911
912
913
914
915
950
951
952
953
954
955
910
911
912
913
914
915
950
951
952
953
954
955
912
913
914
915
916
917
952
953
954
955
956
957
912
913
914
915
916
917
952
953
954
955
956
957
914
915
916
917
918
919
954
955
956
957
958
959
914
915
916
917
918
919
954
955
956
957
958
959
916
917
918
919
956
957
958
959
916
917
918
919
956
957
958
959