0
36
72
108
144
180
216
252
288
324
360
396
432
486
540
594
648
702
756
810
864
918
972
1026
1080
1134
1188
1242
1296
1350
1404
1458
1512
1566
1620
1674
1728
1782
1836
1890
1944
1998
2052
2106
2160
2214
2268
2322
2376
2424
2472
2520
2568
2616
2664
2718
2772
2826
2880
2934
2988
3036
3084
3132
3180
3228
3276
3318
3360
3402
3444
3486
3528
3588
3648
3708
3768
3828
3888
3942
3996
4050
4104
4158
4212
4266
4320
4374
4428
4482
4536
4590
4644
4698
4752
4806
4860
4914
4968
5022
5076
5130
5184
5238
5292
5346
5400
5454
5508
5562
5616
5670
5724
5778
5832
5886
5940
5994
6048
6102
6156
6210
6264
6318
6372
6426
6480
6534
6588
6642
6696
6750
6804
6858
6912
6966
7020
7074
7128
7176
7224
7272
7320
7368
7416
7458
7500
7542
7584
7626
7668
7704
7740
7776
7812
7848
7884
7920
7956
7992
8028
8064
8100
8136
8172
8208
8244
8280
8316
8370
8424
8478
8532
8586
8640
8694
8748
8802
8856
8910
8964
9018
9072
9126
9180
9234
9288
9342
9396
9450
9504
9558
9612
9666
9720
9774
9828
9882
9936
9990
10044
10098
10152
10206
10260
10308
10356
10404
10452
10500
10548
10608
10668
10728
10788
10848
10908
10962
11016
11070
11124
11178
11232
11286
11340
11394
11448
11502
11556
11592
11628
11664
11700
11736
11772
11826
11880
11934
11988
12042
12096
12150
12204
12258
12312
12366
12420
12474
12528
12582
12636
12690
12744
12798
12852
12906
12960
13014
13068
13122
13176
13230
13284
13338
13392
13446
13500
13554
13608
13662
13716
13770
13824
13878
13932
13986
14040
14076
14112
14148
14184
14220
14256
14304
14352
14400
14448
14496
14544
14598
14652
14706
14760
14814
14868
14922
14976
15030
15084
15138
15192
15246
15300
15354
15408
15462
15516
15570
15624
15678
15732
15786
15840
15876
15912
15948
15984
16020
16056
16110
16164
16218
16272
16326
16380
16434
16488
16542
16596
16650
16704
16758
16812
16866
16920
16974
17028
17076
17124
17172
17220
17268
17316
17370
17424
17478
17532
17586
17640
17682
17724
17766
17808
17850
17892
17940
17988
18036
18084
18132
18180
18234
18288
18342
18396
18450
18504
18558
18612
18666
18720
18774
18828
18882
18936
18990
19044
19098
19152
19206
19260
19314
19368
19422
19476
19530
19584
19638
19692
19746
19800
19854
19908
19962
20016
20070
20124
20166
20208
20250
20292
20334
20376
20430
20484
20538
20592
20646
20700
20754
20808
20862
20916
20970
21024
21078
21132
21186
21240
21294
21348
21402
21456
21510
21564
21618
21672
21708
21744
21780
21816
21852
21888
21924
21960
21996
22032
22068
22104
22140
22176
22212
22248
22284
22320
22374
22428
22482
22536
22590
22644
22698
22752
22806
22860
22914
22968
23022
23076
23130
23184
23238
23292
23346
23400
23454
23508
23562
23616
23670
23724
23778
23832
23886
23940
23994
24048
24102
24156
24210
24264
24324
24384
24444
24504
24564
24624
24666
24708
24750
24792
24834
24876
24930
24984
25038
25092
25146
25200
25236
25272
25308
25344
25380
25416
25464
25512
25560
25608
25656
25704
25758
25812
25866
25920
25974
26028
26076
26124
26172
26220
26268
26316
26370
26424
26478
26532
26586
26640
26694
26748
26802
26856
26910
26964
27018
27072
27126
27180
27234
27288
27342
27396
27450
27504
27558
27612
27666
27720
27774
27828
27882
27936
27990
28044
28098
28152
28206
28260
28308
28356
28404
28458
28512
28566
28602
28638
28674
28710
28746
28782
28842
28902
28962
29022
29082
29142
29196
29250
29304
29358
29412
29466
29520
29574
29628
29682
29736
29790
29826
29862
29898
29934
29970
30006
30060
30114
30168
30222
30276
30330
30384
30438
30492
30546
30600
30654
30708
30762
30816
30870
30924
30978
31038
31098
31158
31218
31278
31338
31392
31446
31500
31554
31608
31662
31698
31734
31770
31806
31842
31878
31932
31986
32040
32094
32148
32202
32256
32310
32364
32418
32472
32526
32580
32634
32688
32742
32796
32850
32904
32958
33012
33066
33120
33174
33204
33234
33264
33294
33324
33354
33414
33474
33534
33594
33654
33714
33778
33842
33906
33988
34070
34152
34206
34260
34314
34362
34410
34458
34512
34566
34620
34674
34728
34782
34822
34862
34902
34930
34958
34986
35040
35094
35148
35202
35256
35310
35364
35418
35472
35526
35580
35634
35688
35742
35796
35850
35904
35958
36012
36066
36120
36174
36228
36282
36360
36438
36516
36594
36672
36750
36792
36834
36876
36912
36948
36984
37020
37056
37092
37128
37164
37200
37242
37284
37326
37368
37410
37452
37494
37536
37578
37620
37662
37704
37758
37812
37866
37920
37974
38028
38082
38136
38190
38244
38298
38352
38406
38460
38514
38568
38622
38676
38730
38784
38838
38892
38946
39000
39054
39108
39162
39216
39270
39324
39378
39432
39486
39540
39594
39648
39702
39756
39810
39864
39918
39972
40032
40092
40152
40212
40272
40332
40386
40440
40494
40548
40602
40656
40704
40752
40800
40848
40896
40944
40998
41052
41106
41160
41214
41268
41322
41376
41430
41484
41538
41592
41646
41700
41754
41808
41862
41916
41952
41988
42024
42060
42096
42132
42186
42240
42294
42348
42402
42456
42484
42512
42540
42568
42608
42648
42688
42730
42772
42814
42850
42886
42922
42958
42994
43030
43084
43138
43192
43246
43300
43354
43408
43462
43516
43570
43624
43678
43732
43786
43840
43894
43948
44002
44056
44110
44164
44218
44272
44326
44380
44434
44488
44542
44596
44650
44686
44722
44758
44794
44830
44866
44920
44974
45028
45082
45136
45190
45244
45298
45352
45406
45460
45514
45592
45670
45748
45830
45912
45994
46030
46066
46102
46130
46158
46186
46234
46282
46330
46366
46402
46438
46474
46510
46546
46600
46654
46708
46744
46780
46816
46852
46888
46924
46978
47032
47086
47140
47194
47248
47305
47362
47419
47479
47539
47599
47641
47683
47725
47764
47803
47842
47896
47950
48004
48058
48112
48166
48220
48274
48328
48382
48436
48490
48544
48598
48652
48706
48760
48814
48868
48922
48976
49030
49084
49138
49192
49246
49300
49354
49408
49462
49516
49570
49624
49678
49732
49786
49840
49894
49948
50002
50056
50110
50164
50218
50272
50326
50380
50434
50488
50542
50596
50650
50704
50758
50812
50866
50920
50974
51028
51082
51136
51190
51244
51298
51352
51406
51460
51514
51568
51622
51676
51730
51784
51838
51892
51946
52000
52054
52090
52126
52162
52198
52234
52270
52306
52342
52378
52414
52450
52486
52540
52594
52648
52702
52756
52810
52864
52918
52972
53026
53080
53134
53188
53242
53296
53350
53404
53458
53512
53566
53620
53674
53728
53782
53836
53890
53944
53998
54052
54106
54160
54214
54268
54322
54376
54430
54466
54502
54538
54574
54610
54646
54700
54754
54808
54862
54916
54970
55024
55078
55132
55186
55240
55294
55348
55402
55456
55510
55564
55618
55654
55690
55726
55762
55798
55834
55898
55962
56026
56074
56122
56170
56248
56326
56404
56458
56512
56566
56620
56674
56728
56782
56836
56890
56944
56998
57052
57106
57160
57214
57268
57322
57376
57430
57484
57538
57592
57646
57700
57754
57808
57862
57916
57970
58024
58078
58132
58186
58246
58306
58366
58426
58486
58546
58582
58618
58654
58690
58726
58762
58813
58864
58915
58969
59023
59077
59113
59149
59185
59218
59251
59284
59338
59392
59446
59500
59554
59608
59662
59716
59770
59824
59878
59932
59986
60040
60094
60148
60202
60256
60310
60364
60418
60472
60526
60580
60634
60688
60742
60796
60850
60904
60958
61012
61066
61120
61174
61228
61282
61336
61390
61444
61498
61552
61606
61660
61714
61768
61822
61876
61930
61984
62038
62092
62146
62200
62254
62308
62362
62416
62470
62524
62578
62632
62686
62740
62794
62848
62902
62956
63010
63064
63118
63172
63208
63244
63280
63316
63352
63388
63442
63496
63550
63604
63658
63712
63766
63820
63874
63928
63982
64036
64078
64120
64162
64204
64246
64288
64348
64408
64468
64528
64588
64648
64684
64720
64756
64792
64828
64864
64918
64972
65026
65080
65134
65188
65242
65296
65350
65404
65458
65512
65566
65620
65674
65728
65782
65836
65890
65944
65998
66052
66106
66160
66214
66268
66322
66376
66430
66484
66538
66592
66646
66700
66754
66808
66862
66916
66970
67024
67078
67132
67168
67204
67240
67276
67312
67348
67402
67456
67510
67564
67618
67672
67726
67780
67834
67888
67942
67996
68050
68104
68158
68212
68266
68320
68374
68428
68482
68536
68590
68644
68698
68752
68806
68860
68914
68968
69022
69076
69130
69184
69238
69292
69346
69400
69454
69508
69562
69616
69670
69724
69778
69832
69886
69940
69994
70048
70102
70156
70210
70264
70318
70372
70426
70480
70534
70588
70642
70696
70750
70804
70858
70912
70966
71020
71074
71128
71182
71236
71290
71344
71398
71452
71506
71560
71614
71668
71722
71776
71830
71884
71920
71956
71992
72028
72064
72100
72136
72172
72208
72244
72280
72316
72352
72388
72424
72460
72496
72532
72568
72604
72640
72694
72748
72802
72856
72910
72964
73018
73072
73126
73180
73234
73288
73342
73396
73450
73504
73558
73612
73666
73720
73774
73828
73882
73936
73990
74044
74098
74152
74206
74260
74314
74368
74422
74476
74530
74584
74638
74692
74746
74800
74854
74908
74962
75016
75070
75124
75178
75232
75286
75340
75394
75448
75502
75556
75610
75664
75718
75772
75826
75880
75934
75988
76042
76096
76150
76204
76240
76276
76312
76348
76384
76420
76474
76528
76582
76636
76690
76744
76780
76816
76852
76888
76924
76960
77014
77068
77122
77176
77230
77284
77338
77392
77446
77500
77554
77608
77650
77692
77734
77776
77818
77860
77920
77980
78040
78100
78160
78220
78256
78292
78328
78364
78400
78436
78490
78544
78598
78652
78706
78760
78814
78868
78922
78976
79030
79084
79138
79192
79246
79300
79354
79408
79462
79516
79570
79624
79678
79732
79786
79840
79894
79948
80002
80056
80110
80164
80218
80272
80326
80380
80434
80488
80542
80596
80650
80704
80740
80776
80812
80848
80884
80920
80956
80992
81028
81082
81136
81190
81244
81298
81352
81412
81472
81532
81592
81652
81712
81766
81820
81874
81928
81982
82036
82090
82144
82198
82252
82306
82360
82414
82468
82522
82576
82630
82684
82738
82792
82846
82900
82954
83008
83062
83116
83170
83224
83278
83332
83386
83440
83494
83548
83602
83656
83710
83764
83818
83872
83926
83980
84034
84088
84142
84196
84250
84304
84358
84412
84466
84520
84574
84628
84682
84736
84790
84844
84898
84952
85006
85060
85114
85168
85222
85276
85330
85384
85438
85492
85546
85600
85666
85732
85798
85858
85918
85978
86014
86050
86086
86122
86158
86194
86230
86266
86302
86338
86374
86410
86440
86470
86500
86530
86560
86590
86626
86662
86698
86734
86770
86806
86860
86914
86968
87022
87076
87130
87184
87238
87292
87346
87400
87454
87508
87562
87616
87670
87724
87778
87832
87886
87940
87994
88048
88102
88156
88210
88264
88318
88372
88426
88480
88534
88588
88642
88696
88750
88804
88858
88912
88966
89020
89074
89128
89182
89236
89290
89344
89398
89452
89506
89560
89614
89668
89722
89776
89830
89884
89938
89992
90046
90100
90154
90208
90262
90316
90370
90424
90478
90532
90586
90640
90694
90748
90802
90856
90910
90964
91018
91072
91126
91180
91234
91288
91342
91396
91450
91504
91558
91612
91666
91714
91762
91810
91858
91906
91954
91984
92014
92044
92074
92104
92134
92182
92230
92278
92326
92374
92422
92476
92530
92584
92638
92692
92746
92800
92854
92908
92962
93016
93070
93124
93178
93232
93286
93340
93394
93448
93502
93556
93610
93664
93718
93772
93826
93880
93934
93988
94042
94096
94150
94204
94258
94312
94366
94420
94474
94528
94582
94636
94690
94734
94778
94822
94866
94910
94954
94990
95026
95062
95098
95134
95170
95224
95278
95332
95386
95440
95494
95548
95602
95656
95710
95764
95818
95872
95926
95980
96034
96088
96142
96196
96250
96304
96358
96412
96466
96520
96574
96628
96682
96736
96790
96844
96898
96952
97006
97060
97114
97162
97210
97258
97306
97354
97402
97447
97492
97537
97582
97627
97672
97714
97756
97798
97840
97882
97924
97966
98008
98050
98092
98134
98176
98218
98260
98302
98344
98386
98428
98458
98488
98518
98548
98578
98608
98644
98680
98716
98752
98788
98824
98842
98860
98878
98932
98986
99040
99094
99148
99202
99256
99310
99364
99418
99472
99526
99580
99634
99688
99742
99796
99850
99904
99958
100012
100066
100120
100174
100228
100282
100336
100390
100444
100498
100552
100606
100660
100714
100768
100822
100876
100930
100984
101038
101092
101146
101200
101254
101308
101362
101416
101470
101524
101578
101632
101686
101740
101794
101844
101894
101944
101994
102044
102094
102148
102202
102256
102310
102364
102418
102472
102526
102580
102634
102688
102742
102796
102850
102904
102958
103012
103066
103120
103174
103228
103282
103336
103390
103444
103498
103552
103606
103660
103714
103765
103816
103867
103921
103975
104029
104083
104137
104191
104227
104263
104299
104325
104351
104377
104403
104429
104455
104491
104527
104563
104599
104635
104671
104725
104779
104833
104887
104941
104995
105049
105103
105157
105211
105265
105319
105373
105427
105481
105535
105589
105643
105697
105751
105805
105859
105913
105967
106021
106075
106129
106183
106237
106291
106345
106399
106453
106507
106561
106615
106675
106735
106795
106855
106915
106975
107029
107083
107137
107191
107245
107299
107353
107407
107461
107515
107569
107623
107677
107731
107785
107839
107893
107947
107983
108019
108055
108091
108127
108163
108225
108287
108307
108327
108347
108367
108387
108407
108427
108447
108467
108487
108507
108527
108547
108567
108587
108607
108627
108647
108667
108687
108707
108727
108747
108767
108821
108875
108929
108983
109037
109091
109145
109199
109253
109307
109361
109415
109469
109523
109577
109631
109685
109739
109793
109847
109901
109955
110009
110063
110117
110171
110225
110279
110333
110387
110441
110495
110549
110603
110657
110711
110765
110819
110873
110927
110981
111035
111085
111135
111185
111235
111285
111335
111389
111443
111497
111551
111605
111659
111703
111747
111791
111835
111879
111923
111955
111987
112019
112051
112083
112115
112169
112223
112277
112331
112385
112439
112493
112547
112601
112655
112709
112763
112817
112871
112925
112979
113033
113087
113141
113195
113249
113303
113357
113411
113459
113507
113555
113603
113651
113699
113735
113771
113807
113843
113879
113915
113969
114023
114077
114131
114185
114239
114293
114347
114401
114455
114509
114563
114617
114671
114725
114779
114833
114887
114941
114995
115049
115103
115157
115211
115265
115319
115373
115427
115481
115535
115589
115643
115697
115751
115805
115859
115913
115967
116021
116075
116129
116183
116237
116291
116345
116399
116453
116507
116561
116615
116669
116723
116777
116831
116885
116939
116993
117047
117101
117155
117191
117227
117263
117299
117335
117371
117425
117479
117533
117587
117641
117695
117743
117791
117839
117887
117935
117983
118037
118091
118145
118199
118253
118307
118361
118415
118469
118523
118577
118631
118685
118739
118793
118847
118901
118955
119009
119063
119117
119171
119225
119279
119345
119411
119477
119543
119609
119675
119729
119783
119837
119891
119945
119999
120053
120107
120161
120215
120269
120323
120377
120431
120485
120539
120593
120647
120701
120755
120809
120863
120917
120971
121025
121079
121133
121187
121241
121295
121349
121403
121457
121511
121565
121619
121673
121727
121781
121835
121889
121943
121979
122015
122051
122087
122123
122159
122195
122231
122267
122303
122339
122375
122429
122483
122537
122591
122645
122699
122753
122807
122861
122915
122969
123023
123077
123131
123185
123239
123293
123347
123401
123455
123509
123563
123617
123671
123725
123779
123833
123887
123941
123995
124049
124103
124157
124211
124265
124319
124373
124427
124481
124535
124589
124643
124697
124751
124805
124859
124913
124967
125021
125075
125129
125183
125237
125291
125345
125399
125453
125507
125561
125615
125651
125687
125723
125759
125795
125831
125867
125903
125939
125990
126041
126092
126146
126200
126254
126308
126362
126416
126476
126536
126596
126656
126716
126776
126830
126884
126938
126992
127046
127100
127148
127196
127244
127292
127340
127388
127406
127424
127442
127460
127478
127496
127514
127532
127550
127598
127646
127694
127742
127790
127838
127886
127934
127982
128030
128078
128126
128168
128210
128252
128294
128336
128378
128432
128486
128540
128594
128648
128702
128756
128810
128864
128918
128972
129026
129080
129134
129188
129242
129296
129350
129404
129458
129512
129566
129620
129674
129728
129782
129836
129890
129944
129998
130052
130106
130160
130214
130268
130322
130376
130430
130484
130538
130592
130646
130700
130754
130808
130862
130916
130970
131024
131078
131132
131186
131240
131294
131348
131402
131456
131510
131564
131618
131654
131690
131726
131762
131798
131834
131870
131906
131942
131978
132014
132050
132086
132122
132158
132194
132230
132266
132320
132374
132428
132482
132536
132590
132626
132662
132698
132734
132770
132806
132860
132914
132968
133022
133076
133130
133184
133238
133292
133346
133400
133454
133508
133562
133616
133670
133724
133778
133832
133886
133940
133994
134048
134102
134156
134210
134264
134318
134372
134426
134480
134534
134588
134642
134696
134750
134804
134858
134912
134966
135020
135074
135128
135182
135236
135290
135344
135398
135452
135506
135560
135614
135668
135722
135776
135830
135884
135938
135992
136046
136082
136118
136154
136190
136226
136262
136322
136382
136442
136502
136562
136622
136670
136718
136766
136814
136862
136910
136964
137018
137072
137126
137180
137234
137288
137342
137396
137450
137504
137558
137600
137642
137684
137726
137768
137810
137864
137918
137972
138026
138080
138134
138188
138242
138296
138350
138404
138458
138494
138530
138566
138602
138638
138674
138710
138746
138782
138818
138854
138890
138932
138974
139016
139058
139100
139142
139190
139238
139286
139334
139382
139430
139472
139514
139556
139598
139640
139682
139742
139802
139862
139922
139982
140042
140096
140150
140204
140258
140312
140366
140419
140472
140525
140578
140631
140684
140736
140788
140840
140892
140944
140996
141059
141122
141185
141248
141311
141374
141426
141478
141530
141582
141634
141686
141739
141792
141845
141898
141951
142004
142058
142112
142166
142220
142274
142328
142382
142436
142490
142544
142598
142652
142706
142760
142814
142868
142922
142976
143012
143048
143084
143120
143156
143192
143246
143300
143354
143408
143462
143516
143570
143624
143678
143732
143786
143840
143894
143948
144002
144056
144110
144164
144218
144272
144326
144380
144434
144488
144542
144596
144650
144704
144758
144812
144866
144920
144974
145028
145082
145136
145190
145244
145298
145352
145406
145460
145514
145568
145622
145676
145730
145784
145838
145892
145946
146000
146054
146108
146162
146216
146270
146324
146378
146432
146468
146504
146540
146576
146612
146648
146678
146708
146738
146768
146798
146828
146864
146900
146936
146972
147008
147044
147080
147116
147152
147188
147224
147260
147314
147368
147422
147476
147530
147584
147638
147692
147746
147800
147854
147908
147960
148012
148064
148116
148168
148220
148270
148320
148370
148418
148466
148514
148564
148614
148664
148716
148768
148820
148872
148924
148976
149030
149084
149138
149192
149246
149300
149354
149408
149462
149516
149570
149624
149678
149732
149786
149840
149894
149948
149984
150020
150056
150092
150128
150164
150222
150280
150340
150400
150466
150532
150568
150604
150640
150676
150712
150748
150802
150856
150910
150964
151018
151072
151126
151180
151234
151288
151342
151396
151450
151504
151558
151612
151666
151720
151774
151828
151882
151936
151990
152044
152098
152152
152206
152260
152314
152368
152422
152476
152530
152584
152638
152692
152746
152800
152854
152908
152962
153016
153070
153124
153178
153232
153286
153340
153394
153448
153502
153556
153610
153664
153718
153772
153826
153880
153934
153988
154024
154060
154096
154132
154168
154204
154228
154252
154268
154284
154308
154332
154368
154404
154440
154476
154512
154548
154602
154656
154710
154764
154818
154872
154926
154980
155034
155088
155142
155196
155247
155298
155349
155400
155451
155502
155550
155598
155646
155691
155736
155781
155829
155877
155925
155985
156045
156069
156093
156156
156219
156255
156291
156363
156435
156471
156507
156558
156609
156660
156711
156762
156813
156867
156921
156975
157029
157083
157137
157191
157245
157299
157353
157407
157461
157515
157569
157623
157677
157731
157785
157821
157857
157893
157929
157965
158001
158025
158049
158085
158121
158157
158193
158229
158265
158301
158337
158391
158445
158499
158553
158607
158661
158715
158769
158823
158877
158931
158985
159039
159093
159147
159201
159255
159309
159363
159417
159471
159525
159579
159633
159687
159741
159795
159849
159903
159957
160011
160065
160119
160173
160227
160281
160335
160389
160443
160497
160551
160605
160659
160713
160767
160821
160875
160929
160983
161037
161091
161145
161199
161253
161307
161361
161415
161469
161523
161577
161613
161649
161685
161721
161757
161793
161865
161937
162003
162069
162105
162141
162177
162213
162249
162285
162309
162333
162357
162381
162405
162429
162465
162501
162537
162573
162609
162645
162679
162713
162747
162781
162815
162849
162873
162897
162913
162929
162953
162977
163001
163025
163061
163097
163133
163169
163205
163241
163277
163313
163349
163385
163421
163457
163493
163529
163565
163601
163637
163673
163697
163721
163745
163769
163793
163817
163865
163913
163961
164011
164061
164111
164171
164231
164275
164319
164363
164423
164483
164531
164579
164627
164685
164743
164793
164843
164893
164939
164985
165031
165077
165123
165169
165193
165217
165253
165289
165313
165337
165400
165463
165508
165553
165598
165658
165718
165766
165814
165862
165898
165934
165970
166006
166042
166078
166132
166186
166240
166294
166348
166402
166456
166510
166564
166618
166672
166726
166780
166834
166888
166942
166996
167050
167104
167158
167212
167266
167320
167374
167428
167482
167536
167590
167644
167698
167752
167806
167860
167914
167968
168022
168076
168130
168184
168238
168292
168346
168400
168454
168508
168562
168616
168670
168724
168778
168832
168886
168940
168994
169048
169102
169156
169210
169264
169318
169354
169390
169426
169462
169498
169534
169600
169666
169716
169766
169816
169876
169936
169984
170032
170080
170132
170184
170236
170288
170340
170392
170443
170494
170545
170596
170647
170698
170750
170802
170854
170906
170958
171010
171061
171112
171163
171214
171265
171316
171368
171420
171472
171524
171576
171628
171681
171734
171787
171840
171893
171946
171970
171994
172010
172026
172042
172058
172112
172166
172220
172274
172328
172382
172436
172490
172544
172598
172652
172706
172760
172814
172868
172922
172976
173030
173084
173138
173192
173246
173300
173354
173408
173462
173516
173570
173624
173678
173732
173786
173840
173894
173948
174002
174056
174110
174164
174218
174272
174326
174380
174434
174488
174542
174596
174650
174704
174758
174812
174866
174920
174974
175028
175082
175136
175190
175244
175298
175352
175406
175460
175514
175568
175622
175658
175694
175730
175766
175802
175838
175892
175946
176000
176054
176108
176162
176216
176270
176324
176378
176432
176486
176540
176594
176648
176702
176756
176810
176863
176916
176969
177022
177075
177128
177180
177232
177284
177336
177388
177440
177491
177542
177593
177644
177695
177746
177800
177854
177908
177962
178016
178070
178124
178178
178232
178286
178340
178394
178448
178502
178556
178610
178664
178718
178772
178826
178880
178934
178988
179042
179076
179110
179144
179178
179212
179246
179297
179348
179399
179450
179501
179552
179604
179656
179708
179760
179812
179864
179899
179934
179969
180004
180039
180074
180134
180194
180254
180314
180374
180434
180470
180506
180542
180578
180614
180650
180708
180766
180816
180866
180916
180976
181036
181084
181132
181180
181274
181368
181454
181540
181626
181714
181802
181890
181978
182066
182154
182242
182330
182418
182506
182594
182682
182772
182862
182952
183042
183132
183222
183281
183340
183399
183470
183541
183612
183671
183730
183789
183848
183907
183966
184025
184084
184143
184202
184261
184320
184379
184438
184497
184556
184615
184674
184733
184792
184851
184910
184969
185028
185087
185146
185205
185276
185347
185418
185477
185536
185595
185654
185713
185772
185844
185916
185988
186048
186108
186168
186240
186312
186384
186444
186504
186564
186624
186684
186744
186804
186864
186924
186984
187044
187104
187164
187224
187284
187344
187404
187464
187524
187584
187644
187704
187764
187824
187884
187944
188004
188064
188124
188184
188244
188304
188364
188418
188472
188526
188580
188634
188688
188742
188796
188850
188904
188958
189012
189048
189084
189120
189156
189192
189228
189282
189336
189390
189444
189498
189552
189606
189660
189714
189768
189822
189876
189930
189984
190038
190092
190146
190200
190254
190308
190362
190416
190470
190524
190578
190632
190686
190740
190794
190848
190884
190920
190956
190992
191028
191064
191118
191172
191226
191280
191334
191388
191442
191496
191550
191604
191658
191712
191766
191820
191874
191928
191982
192036
192090
192144
192198
192252
192306
192360
192396
192432
192468
192504
192540
192576
192630
192684
192738
192792
192846
192900
192948
192996
193044
193080
193116
193152
193200
193248
193296
193332
193368
193404
193440
193476
193512
193548
193584
193620
193674
193728
193782
193836
193890
193944
193998
194052
194106
194160
194214
194268
194304
194340
194376
194412
194448
194484
194567
194650
194733
194816
194899
194982
195034
195086
195138
195190
195242
195294
195345
195396
195447
195498
195549
195600
195682
195764
195846
195928
196010
196092
196146
196200
196254
196308
196362
196416
196452
196488
196524
196560
196596
196632
196686
196740
196794
196848
196902
196956
197010
197064
197118
197172
197226
197280
197334
197388
197442
197496
197550
197604
197640
197676
197712
197748
197784
197820
197874
197928
197982
198036
198090
198144
198198
198252
198306
198360
198414
198468
198522
198576
198630
198684
198738
198792
198846
198900
198954
199008
199062
199116
199152
199188
199224
199260
199296
199332
199374
199416
199458
199500
199542
199584
199638
199692
199746
199800
199854
199908
199944
199980
200016
200052
200088
200124
200160
200196
200232
200268
200304
200340
200394
200448
200502
200556
200610
200664
200718
200772
200826
200880
200934
200988
201024
201060
201096
201132
201168
201204
201240
201276
201312
201348
201384
201420
201474
201528
201582
201636
201690
201744
201798
201852
201906
201960
202014
202068
202104
202140
202176
202212
202248
202284
202320
202356
202392
202428
202464
202500
202536
202572
202608
202644
202680
202716
202752
202788
202824
202860
202896
202932
202956
202980
203004
203028
203052
203076
203100
203124
203148
203172
203196
203220
203256
203292
203328
203364
203400
203436
203472
203508
203544
203580
203616
203652
203676
203700
203724
203748
203772
203796
203850
203904
203958
204012
204066
204120
204168
204216
204264
204312
204360
204408
204462
204516
204570
204624
204678
204732
204786
204840
204894
204948
205002
205056
205092
205128
205164
205200
205236
205272
205326
205380
205434
205488
205542
205596
205632
205668
205704
205740
205776
205812
205848
205884
205920
205956
205992
206028
206082
206136
206190
206244
206298
206352
206406
206460
206514
206568
206622
206676
206712
206748
206784
206820
206856
206892
206946
207000
207054
207108
207162
207216
207270
207324
207378
207432
207486
207540
207576
207612
207648
207684
207720
207756
207804
207852
207900
207948
207996
208044
208098
208152
208206
208260
208314
208368
208404
208440
208476
208512
208548
208584
208620
208656
208692
208728
208764
208800
208854
208908
208962
209016
209070
209124
209178
209232
209286
209340
209394
209448
209484
209520
209556
209592
209628
209664
209688
209712
209736
209760
209784
209808
209844
209880
209916
209952
209988
210024
210060
210096
210132
210168
210204
210240
210264
210288
210312
210336
210360
210384
210420
210456
210492
210528
210564
210600
210654
210708
210762
210816
210870
210924
210984
211044
211104
211164
211224
211284
211338
211392
211446
211500
211554
211608
211644
211680
211716
211752
211788
211824
211860
211896
211932
211968
212004
212040
212094
212148
212202
212256
212310
212364
212418
212472
212526
212580
212634
212688
212742
212796
212850
212904
212958
213012
213048
213084
213120
213156
213192
213228
213264
213300
213336
213372
213408
213444
213498
213552
213606
213660
213714
213768
213822
213876
213930
213984
214038
214092
214146
214200
214254
214308
214362
214416
214452
214488
214524
214560
214596
214632
214668
214704
214740
214776
214812
214848
214896
214944
214992
215040
215088
215136
215184
215232
215280
215328
215376
215424
215472
215520
215568
215616
215664
215712
215748
215784
215820
215856
215892
215928
215970
216012
216054
216096
216138
216180
216216
216252
216288
216324
216360
216396
216438
216480
216522
216564
216606
216648
216684
216720
216756
216792
216828
216864
216900
216936
216972
217008
217044
217080
217116
217152
217188
217224
217260
217296
217332
217368
217404
217440
217476
217512
217548
217584
217620
217656
217692
217728
217764
217800
217836
217872
217908
217944
217980
218016
218052
218088
218124
218160
218196
218232
218268
218304
218340
218376
218412
218448
218484
218520
218556
218592
218628
218664
218700
218736
218772
218808
218844
218880
218916
218952
218988
219024