0
13
26
39
52
65
78
91
104
117
130
143
156
169
182
195
208
221
234
247
260
273
286
299
312
325
338
351
364
377
390
403
416
429
442
455
468
481
494
507
520
533
546
559
572
585
598
611
624
637
650
663
676
689
702
715
728
741
754
767
780
793
806
819
832
845
858
871
884
897
910
923
936
949
962
975
988
1001
1014
1027
1040
1053
1066
1079
1092
1105
1118
1131
1144
1157
1170
1183
1196
1209
1222
1235
1248
1261
1274
1287
1300
1313
1326
1339
1352
1365
1378
1391
1404
1417
1430
1443
1456
1469
1482
1495
1508
1521
1534
1547
1560
1573
1586
1599
1612
1625
1638
1651
1664
1677
1690
1703
1716
1729
1742
1755
1768
1781
1794
1807
1820
1833
1846
1859
1872
1885
1898
1911
1924
1937
1950
1963
1976
1979
1982
1985
1988
1991
1994
1997
2000
2003
2006
2009
2012
2015
2018
2021
2024
2027
2030
2033
2036
2039
2042
2045
2048
2051
2054
2057
2060
2063
2066
2069
2072
2075
2078
2081
2084
2087
2090
2093
2096
2099
2102
2105
2108
2111
2114
2117
2120
2123
2126
2129
2132
2135
2138
2141
2144
2147
2150
2153
2156
2159
2162
2165
2168
2171
2174
2177
2180
2183
2186
2189
2192
2195
2198
2201
2204
2207
2210
2213
2216
2219
2222
2225
2228
2231
2234
2237
2240
2243
2246
2249
2252
2255
2258
2261
2264
2267
2270
2273
2276
2279
2282
2285
2288
2291
2294
2297
2300
2303
2306
2309
2312
2315
2318
2321
2324
2327
2330
2333
2336
2339
2342
2345
2348
2351
2354
2357
2360
2363
2366
2369
2372
2375
2378
2381
2384
2387
2390
2393
2396
2399
2402
2405
2408
2411
2414
2417
2420
2423
2426
2429
2432
2444
2456
2468
2480
2492
2504
2516
2528
2540
2552
2564
2576
2588
2600
2612
2624
2631
2639
2646
2654
2661
2668
2675
2683
2690
2697
2704
2711
2718
2725
2732
2740
2747
2755
2762
2770
2777
2784
2792
2799
2807
2815
2822
2830
2837
2844
2852
2860
2867
2874
2886
2898
2910
2917
2924
2931
2939
2946
2954
2961
2973
2985
2997
3009
3021
3033
3045
3052
3064
3076
3084
3096
3108
3120
3132
3144
3151
3163
3175
3187
3199
3211
3223
3235
3247
3254
3266
3278
3290
3302
3309
3321
3328
3335
3347
3359
3371
3378
3385
3392
3399
3406
3414
3421
3429
3436
3444
3452
3459
3467
3474
3481
3488
3496
3503
3510
3517
3524
3531
3538
3545
3552
3560
3567
3574
3581
3588
3595
3602
3609
3616
3623
3631
3639
3646
3653
3660
3667
3674
3681
3689
3697
3704
3716
3728
3740
3752
3764
3776
3788
3800
3807
3814
3826
3838
3850
3862
3874
3886
3898
3910
3922
3934
3946
3958
3970
3982
3994
4006
4018
4030
4042
4054
4066
4078
4090
4102
4114
4126
4133
4140
4147
4154
4162
4169
4176
4183
4191
4198
4205
4212
4219
4226
4234
4241
4248
4256
4264
4272
4280
4287
4294
4302
4309
4317
4324
4331
4339
4346
4353
4361
4368
4375
4382
4390
4397
4404
4411
4418
4425
4432
4440
4448
4455
4462
4470
4477
4485
4492
4499
4506
4513
4520
4528
4535
4542
4550
4557
4565
4572
4579
4587
4594
4602
4609
4616
4623
4630
4638
4645
4653
4660
4667
4674
4682
4690
4698
4705
4712
4720
4728
4735
4742
4750
4757
4764
4771
4778
4785
4792
4799
4806
4813
4820
4827
4834
4841
4848
4856
4863
4870
4877
4889
4901
4913
4921
4928
4936
4944
4951
4959
4971
4983
4995
5007
5015
5023
5030
5037
5044
5052
5064
5076
5088
5100
5112
5119
5126
5133
5140
5147
5154
5162
5169
5176
5183
5190
5197
5204
5211
5218
5225
5232
5239
5246
5258
5265
5272
5284
5296
5308
5320
5332
5344
5356
5368
5380
5392
5393
5405
5415
5422
5429
5436
5444
5456
5468
5480
5492
5504
5511
5523
5535
5547
5559
5567
5579
5586
5598
5610
5622
5634
5646
5658
5670
5682
5694
5706
5718
5730
5740
5751
5762
5774
5786
5796
5808
5819
5831
5843
5854
5866
5878
5889
5899
5911
5923
5933
5945
5957
5969
5981
5993
6005
6017
6029
6041
6053
6065
6077
6089
6101
6113
6125
6137
6149
6161
6173
6181
6192
6204
6216
6228
6236
6248
6260
6272
6284
6296
6307
6319
6330
6342
6354
6361
6368
6375
6382
6389
6396
6403
6410
6418
6425
6432
6439
6446
6453
6460
6472
6479
6486
6493
6500
6507
6514
6521
6528
6535
6542
6549
6556
6563
6570
6577
6584
6591
6598
6605
6612
6619
6626
6633
6640
6647
6663
6675
6687
6699
6711
6723
6735
6747
6759
6771
6783
6795
6802
6814
6826
6838
6850
6862
6874
6886
6898
6910
6922
6933
6945
6957
6969
6981
6993
7009
7021
7033
7043
7055
7066
7082
7094
7106
7118
7130
7142
7154
7166
7178
7189
7200
7212
7224
7235
7246
7253
7265
7277
7289
7296
7308
7320
7332
7344
7354
7364
7376
7387
7398
7410
7420
7432
7444
7454
7466
7478
7485
7497
7509
7521
7533
7545
7557
7569
7581
7593
7605
7617
7629
7641
7653
7660
7667
7679
7691
7703
7715
7727
7739
7746
7758
7768
7780
7794
7810
7826
7842
7856
7871
7886
7901
7917
7932
7947
7962
7978
7994
8009
8025
8041
8057
8069
8085
8101
8117
8133
8148
8160
8175
8187
8199
8215
8227
8241
8257
8271
8287
8303
8318
8334
8349
8364
8377
8393
8409
8425
8440
8456
8472
8488
8504
8520
8536
8550
8566
8580
8595
8610
8626
8642
8658
8674
8690
8706
8721
8735
8750
8765
8780
8794
8808
8823
8838
8853
8869
8884
8898
8914
8929
8941
8957
8972
8988
9004
9020
9035
9051
9065
9081
9095
9110
9124
9139
9154
9168
9184
9200
9216
9232
9247
9263
9278
9293
9307
9322
9337
9351
9367
9382
9398
9412
9426
9440
9456
9472
9486
9500
9516
9532
9546
9562
9576
9591
9607
9621
9637
9652
9667
9683
9698
9714
9729
9743
9759
9773
9789
9804
9820
9836
9850
9866
9881
9897
9911
9927
9943
9957
9972
9987
10003
10016
10029
10043
10059
10073
10089
10103
10119
10135
10149
10165
10181
10197
10212
10227
10243
10259
10274
10289
10304
10320
10336
10352
10367
10383
10394
10405
10416
10427
10438
10449
10460
10470
10480
10491
10501
10512
10524
10535
10545
10555
10566
10576
10587
10598
10609
10620
10631
10642
10653
10664
10675
10691
10707
10719
10735
10747
10759
10770
10786
10798
10810
10826
10842
10862
10878
10894
10910
10926
10942
10958
10974
10985
11001
11017
11032
11048
11064
11080
11095
11106
11120
11134
11146
11158
11174
11186
11198
11214
11226
11238
11250
11262
11278
11290
11306
11322
11337
11352
11368
11380
11396
11412
11428
11440
11456
11472
11484
11499
11515
11530
11544
11558
11573
11587
11603
11619
11633
11649
11663
11679
11699
11711
11727
11742
11758
11773
11789
11809
11829
11845
11865
11885
11905
11921
11941
11961
11980
11999
12017
12037
12057
12076
12096
12116
12136
12156
12176
12196
12216
12232
12252
12272
12292
12312
12332
12352
12372
12392
12412
12428
12447
12466
12486
12506
12522
12542
12562
12582
12598
12618
12638
12658
12674
12687
12700
12716
12732
12747
12763
12783
12799
12819
12835
12851
12867
12887
12911
12931
12947
12967
12987
13002
13017
13033
13049
13065
13080
13096
13112
13132
13148
13167
13183
13203
13218
13234
13250
13270
13284
13299
13313
13327
13347
13363
13379
13395
13419
13441
13457
13472
13486
13502
13518
13538
13554
13570
13590
13606
13620
13636
13660
13684
13707
13730
13753
13775
13799
13822
13846
13870
13885
13909
13933
13957
13981
14005
14029
14053
14077
14101
14125
14149
14173
14197
14221
14245
14269
14292
14306
14319
14332
14346
14361
14385
14405
14421
14444
14464
14484
14500
14520
14548
14568
14588
14604
14620
14640
14660
14680
14694
14718
14733
14753
14769
14793
14813
14841
14869
14897
14925
14945
14969
14997
15025
15053
15081
15109
15137
15165
15193
15217
15235
15253
15277
15297
15317
15337
15360
15384
15406
15430
15449
15476
15500
15524
15552
15574
15606
15637
15669
15697
15729
15748
15776
15803
15831
15859
15895
15931
15957
15985
16009
16048
16083
16119
16154
16166
16178
16190
16202
16214
16226
16238
16250
16262
16274
16286
16298
16310
16322
16334
16346
16353
16361
16368
16376
16383
16390
16397
16405
16412
16419
16426
16433
16440
16447
16454
16462
16469
16477
16484
16492
16499
16506
16514
16521
16529
16537
16544
16552
16559
16566
16574
16582
16589
16596
16608
16620
16632
16639
16646
16653
16661
16668
16676
16683
16695
16707
16719
16731
16743
16755
16767
16774
16786
16798
16806
16818
16830
16842
16854
16866
16873
16885
16897
16909
16921
16933
16945
16957
16969
16976
16988
17000
17012
17024
17031
17043
17050
17057
17069
17081
17093
17100
17107
17114
17121
17128
17135
17142
17150
17157
17165
17173
17180
17188
17195
17202
17209
17217
17224
17231
17238
17245
17252
17259
17266
17273
17281
17288
17295
17302
17309
17316
17323
17330
17337
17344
17352
17360
17367
17374
17381
17388
17395
17402
17410
17418
17425
17437
17449
17461
17473
17485
17497
17509
17521
17528
17535
17547
17559
17571
17583
17595
17607
17619
17631
17643
17655
17667
17679
17691
17703
17715
17727
17739
17751
17763
17775
17787
17799
17811
17823
17835
17847
17854
17861
17868
17875
17883
17891
17898
17905
17913
17920
17927
17934
17941
17948
17956
17963
17970
17978
17986
17994
18002
18009
18016
18024
18031
18039
18046
18053
18061
18068
18075
18083
18090
18097
18104
18112
18119
18126
18133
18140
18147
18154
18162
18170
18177
18184
18191
18198
18206
18213
18220
18227
18234
18241
18249
18256
18263
18271
18278
18286
18293
18300
18308
18315
18323
18330
18337
18344
18351
18359
18366
18374
18381
18388
18395
18403
18411
18419
18426
18433
18441
18449
18456
18463
18471
18478
18485
18492
18499
18506
18513
18520
18527
18534
18541
18548
18555
18562
18569
18577
18584
18591
18598
18610
18622
18634
18642
18649
18657
18665
18672
18680
18692
18704
18716
18728
18736
18744
18751
18758
18765
18773
18785
18797
18809
18821
18833
18840
18847
18854
18861
18868
18875
18883
18890
18897
18904
18911
18918
18925
18932
18939
18946
18953
18960
18967
18979
18986
18993
19005
19017
19029
19041
19053
19065
19077
19089
19101
19113
19124
19136
19146
19153
19160
19167
19175
19187
19199
19211
19223
19235
19242
19254
19266
19278
19290
19298
19310
19317
19329
19341
19353
19365
19377
19389
19401
19413
19425
19437
19449
19461
19471
19482
19493
19505
19517
19527
19539
19550
19562
19574
19585
19597
19609
19620
19630
19642
19654
19664
19676
19688
19700
19712
19724
19736
19748
19760
19772
19784
19796
19808
19820
19832
19844
19856
19868
19880
19892
19904
19912
19923
19935
19947
19959
19967
19979
19991
20003
20015
20027
20038
20050
20061
20073
20085
20092
20099
20106
20113
20120
20127
20134
20141
20149
20156
20163
20170
20177
20184
20191
20203
20210
20217
20224
20231
20238
20245
20252
20259
20266
20273
20280
20287
20294
20301
20308
20315
20322
20329
20336
20343
20350
20357
20364
20371
20378
20394
20406
20418
20430
20442
20454
20466
20478
20490
20502
20514
20526
20533
20545
20557
20569
20581
20593
20605
20617
20629
20641
20653
20664
20676
20688
20700
20712
20724
20740
20752
20764
20774
20786
20797
20813
20825
20837
20849
20861
20873
20885
20897
20909
20920
20931
20943
20955
20966
20977
20984
20996
21008
21020
21027
21039
21051
21063
21075
21085
21095
21107
21118
21129
21141
21151
21163
21175
21185
21197
21209
21216
21228
21240
21252
21264
21276
21288
21300
21312
21324
21336
21348
21360
21372
21384
21391
21398
21410
21422
21434
21446
21458
21470
21477
21489
21499
21511
21525
21541
21557
21573
21587
21602
21617
21632
21648
21663
21678
21693
21709
21725
21740
21756
21772
21788
21800
21816
21832
21848
21864
21879
21891
21906
21918
21930
21946
21958
21972
21988
22002
22018
22034
22049
22065
22081
22096
22109
22125
22141
22157
22172
22188
22204
22220
22236
22252
22268
22282
22298
22312
22327
22342
22358
22374
22390
22406
22422
22438
22453
22467
22482
22497
22512
22526
22540
22555
22570
22585
22601
22616
22630
22646
22661
22673
22689
22704
22720
22736
22752
22767
22783
22797
22812
22826
22841
22855
22870
22885
22899
22915
22931
22947
22963
22978
22994
23009
23024
23038
23053
23068
23082
23098
23113
23129
23143
23157
23171
23187
23203
23217
23232
23248
23264
23278
23294
23308
23323
23339
23353
23369
23384
23399
23415
23430
23446
23461
23475
23491
23505
23521
23536
23552
23568
23582
23598
23613
23629
23643
23659
23675
23689
23704
23719
23735
23748
23761
23775
23791
23805
23821
23835
23851
23867
23881
23897
23913
23929
23944
23959
23975
23991
24006
24021
24036
24052
24068
24084
24099
24115
24126
24137
24148
24159
24170
24181
24192
24202
24212
24223
24233
24244
24256
24267
24277
24287
24298
24308
24319
24330
24341
24352
24363
24374
24385
24396
24407
24423
24439
24451
24467
24479
24491
24502
24518
24530
24542
24558
24574
24594
24610
24626
24642
24658
24674
24690
24706
24717
24733
24749
24764
24780
24796
24812
24827
24838
24852
24866
24878
24890
24906
24918
24930
24946
24958
24970
24982
24994
25010
25022
25038
25054
25069
25084
25100
25112
25128
25144
25160
25172
25188
25204
25216
25231
25247
25262
25276
25290
25305
25319
25335
25351
25365
25381
25395
25411
25431
25443
25459
25474
25490
25505
25521
25541
25561
25577
25597
25617
25637
25653
25673
25693
25712
25731
25749
25769
25789
25808
25828
25848
25868
25888
25908
25928
25948
25964
25984
26004
26024
26044
26064
26084
26104
26124
26144
26160
26179
26198
26218
26238
26254
26274
26294
26314
26330
26350
26370
26390
26406
26419
26432
26448
26464
26479
26495
26515
26531
26551
26567
26583
26599
26619
26643
26663
26679
26699
26719
26734
26749
26765
26781
26797
26812
26828
26844
26864
26880
26899
26915
26935
26950
26966
26982
27002
27016
27031
27045
27059
27079
27095
27111
27127
27151
27173
27189
27204
27218
27234
27250
27270
27286
27302
27322
27338
27352
27368
27392
27416
27439
27462
27485
27507
27531
27554
27578
27602
27617
27641
27665
27689
27713
27737
27761
27785
27809
27833
27857
27881
27905
27929
27953
27977
28001
28024
28038
28051
28064
28078
28093
28117
28137
28153
28176
28196
28216
28232
28252
28280
28300
28320
28336
28352
28372
28392
28412
28426
28450
28465
28485
28501
28525
28545
28573
28601
28629
28657
28677
28701
28729
28757
28785
28813
28841
28869
28897
28925
28949
28967
28985
29009
29029
29049
29069
29092
29116
29138
29162
29181
29208
29232
29256
29284
29306
29338
29369
29401
29429
29461
29480
29508
29535
29563
29591
29627
29663
29689
29717
29741
29780
29815
29851
29886
30045
30204
30363
30522
30681
30840
30999
31158
31317
31476
31635
31794
31953
32112
32271
32430
32589
32747
32906
33065
33224
33383
33542
33701
33860
34019
34178
34337
34496
34655
34814
34973
35132
35291
35450
35609
35768
35927
36086
36245
36404
36563
36722
36881
37040
37199
37358
37517
37676
37835
37994
38153
38312
38471
38630
38789
38948
39107
39266
39425
39584
39743
39902
40061
40220
40379
40538
40697
40856
41015
41174
41333
41492
41651
41810
41969
42128
42287
42446
42605
42764
42923
43082
43241
43400
43559
43718
43877
44036
44195
44354
44513
44672
44831
44990
45149
45308
45467
45626
45785
45944
46103
46262
46421
46580
46739
46898
47057
47216
47375
47534
47693
47852
48011
48170
48329
48488
48647
48806
48965
49124
49283
49442
49601
49760
49919
50078
50237
50396
50555
50714
50873
51032
51191
51350
51509
51668
51827
51986
52145
52304
52463
52622
52781
52940
53099
53258
53417
53576
53735
53894
54053
55579
57104
58629
60154
61679
63204
64729
66254
67779
69304
70829
72354
73879
75404
76929
78454
79979
81503
83028
84553
86078
87603
89128
90653
92178
93703
95228
96753
98278
99803
101328
102853
104378
105903
107428
108953
110478
112003
113528
115053
116578
118103
119628
121153
122678
124203
125728
127253
128778
130303
131828
133353
134878
136403
137928
139453
140978
142503
144028
145553
147078
148603
150128
151653
153178
154703
156228
157753
159278
160803
162328
163853
165378
166903
168428
169953
171478
173003
174528
176053
177578
179103
180628
182153
183678
185203
186728
188253
189778
191303
192828
194353
195878
197403
198928
200453
201978
203503
205028
206553
208078
209603
211128
212653
214178
215703
217228
218753
220278
221803
223328
224853
226378
227903
229428
230953
232478
234003
235528
237053
238578
240103
241628
243153
244678
246203
247728
249253
250778
252303
253828
255353
256878
258403
259928
261453
262978
264503
266028
267553
269078
270603
272128
273653
275178
276703
278228
279753
281278
282803
284328
285853
286460
287068
287676
288284
288892
289500
290108
290716
291324
291932
292540
293148
293756
294364
294972
295580
296188
296796
297404
298012
298620
299228
299836
300444
301052
301660
302268
302876
303484
304092
304700
305308
305916
306524
307132
307740
308348
308956
309564
310172
310780
311388
311996
312604
313212
313820
314428
315036
315644
316252
316860
317468
318076
318684
319292
319900
320508
321116
321724
322332
322940
323548
324156
324764
325372
325980
326588
327196
327804
328412
329020
329628
330236
330844
331452
332060
332668
333276
333884
334492
335100
335708
336316
336924
337532
338140
338748
339356
339964
340572
341180
341788
342396
343004
343612
344220
344828
345436
346044
346652
347260
347868
348476
349084
349692
350300
350908
351516
352124
352732
353340
353948
354556
355164
355772
356380
356988
357596
358204
358812
359420
360028
360636
361244
361852
362460
363068
363676
364284
364892
365500
366108
366716
367324
367932
368540
369148
369756
370364
370972
371580
372188
372796
373404
374012
374620
375228
375836
376444
377052
377660
378268
378876
379484
380092
380700
381308
381916
382524
383132
383740
384348
384956
385564
386172
386780
387388
387996
388604
389212
389820
390428
391036
391644
392252
392860
393468
394076
394684
395292
395900
396508
397116
397724
398332
398940
399548
400156
400764
401372
401980
402588
403196
403804
404412
405020
405628
406236
406844
407452
408060
408668
409276
409884
410492
411100
411708
412316
412924
413532
414140
414748
415356
415964
416572
417180
417788
418396
419004
419612
420220
420828
421436
422044
422652
423260
423868
424476
425084
425692
426300
426908
427516
428124
428732
429340
429948
430556
431164
431772
432380
432988
433596
434204
434812
435420
436028
436636
437244
437852
438460
439068
439676
440284
440892
441500
442108
442716
443324
443932
444540
445148
445756
446364
446972
447580
448188
448796
449404
450012
450620
451228
451836
452444
453052
453660
454268
454876
455484
456092
456700
457308
457916
458524
459132
459740
460348
460956
461564
462172
462780
463388
463996
464604
465212
465820
466428
467036
467644
468252
468860
469468
470076
470684
471292
471900
472508
473116
473724
474332
474940
475548
476156
476764
477372
477980
478588
479196
479804
480412
481020
481628
482236
482844
483452
484060
484668
485276
485884
486492
487100
487708
488316
488924
489532
490140
490748
491356
491964
492572
493180
493788
494396
495004
495612
496220
496828
497436
498044
498652
499260
499868
500476
501084
501692
502300
502908
503516
504124
504732
505340
505948
506556
507164
507772
508380
508988
509596
510204
510812
511420
512028
512636
513244
513852
514460
515068
515676
516284
516892
517500
518108
518716
519324
519932
520540
521148
521756
522364
522972
523580
524188
524796
525404
526012
526620
527228
527836
528444
529052
529660
530268
530876
531484
532092
532700
533308
533916
534524
535132
535740
536348
536956
537564
538172
538780
539388
539996
540604
541212
541820
542428
543036
543644
544252
544860
545468
546076
546684
547292
547900
548508
549116
549724
550332
550940
551548
552156
552764
553372
553980
554588
555196
555804
556412
557020
557628
558236
558844
559452
560060
560668
561276
561884
562492
563100
563708
564316
564924
565532
566140
566748
567356
567964
568572
569180
569788
570396
571004
571612
572220
572828
573436
574044
574652
575260
575868
576476
577084
577692
578300
578908
579516
580124
580732
581340
581948
582556
583164
583772
584380
584988
585596
586204
586812
587420
588028
588636
589244
589852
590460
591068
591676
592284
592892
593500
594108
594716
595324
595932
596540
597148
597756
598364
598972
599580
600188
600796
601404
602012
602620
603228
603836
604444
605052
605660
606268
606876
607484
608092
608700
609308
609916
610524
611132
611740
612348
612956
613564
614172
614780
615388
615996
616604
617212
617820
618428
619036
619644
620252
620860
621468
622076
622684
623292
623900
624508
625116
625724
626332
626940
627548
628156
628764
629372
629980
630588
631196
631804
632412
633020
633628
634236
634844
635452
636060
636668
637276
637884
638492
639100
639708
640316
640924
641532
642140
642748
643356
643964
644572
645180
645788
646396
647004
647612
648220
648828
649436
650044
650652
651260
651868
652476
653084
653692
654300
654908
655516
656124
656732
657340
657948
658556
659164
659772
660380
660988
661596
662204
662812
663420
664028
664636
665244
665852
666460
667068
667676
668284
668892
669500
670108
670716
671324
671932
672540
673148
673756
674364
674972
675580
676188
676796
677404
678012
678620
679228
679836
680444
681052
681660
682268
682876
683484
684092
684700
685308
685916
686524
687132
687740
688348
688956
689564
690172
690780
691388
691996
692604
693212
693820
694428
695036
695644
696252
696860
697468
698076
698684
699292
699900
700508
701116
701724
702332
702940
703548
704156
704764
705372
705980
706588
707196
707804
708412
709020
709628
710236
710844
711452
712060
712668
713276
713884
714492
715100
715708
716316
716924
717532
718140
718748
719356
719964
720572
721180
721788
722396
723004
723612
724220
724828
725436
726044
726652
727260
727868
728476
729084
729692
730300
730908
731516
732124
732732
733340
733948
734556
735164
735772
736380
736988
737596
738204
738812
739420
740028
740636
741244
741852
742460
743068
743676
744284
744892
745500
746108
746716
747324
747932
748540
749148
749756
750364
750972
751580
752188
752796
753404
754012
754620
755228
755836
756444
757052
757660
758268
758876
759484
760092
760700
761308
761916
762524
763132
763740
764348
764956
765564
766172
766780
767388
767996
768604
769212
769820
770428
771036
771644
772252
772860
773468
774076
774684
775292
775900
776508
777116
777724
778332
778940
779548
780156
780764
781372
781980
782588
783196
783804
784412
785020
785628
786236
786844
787452
788060
788668
789276
789884
790492
791100
791708
792316
792924
793532
794140
794748
795356
795964
796572
797180
797788
798396
799004
799612
800220
800828
801436
802044
802652
803260
803868
804476
805084
805692
806300
806908
807516
808124
808732
809340
809948
810556
811164
811772
812380
812988
813596
814204
814812
815420
816028
816636
817244
817852
818460
819068
819676
820284
820892
821500
822108
822716
823324
823932
824540
825148
825756
826364
826972
827580
828188
828796
829404
830012
830620
831228
831836
832444
833052
833660
834268
834876
835484
836092
836700
837308
837916
838524
839132
839740
840348
840956
841564
842172
842780
843388
843996
844604
845212
845820
846428
847036
847644
848252
848860
849468
850076
850684
851292
851900
852508
853116
853724
854332
854940
855548
856156
856764
857372
857980
858588
859196
859804
860412
861020
861628
862236
862844
863452
864060
864668
865276
865884
866492
867100
867708
868316
868924
869532
870140
870748
871356
871964
872572
873180
873788
874396
875004
875612
876220
876828
877436
878044
878652
879260
879868
880476
881084
881692
882300
882908
883516
884124
884732
885340
885948
886556
887164
887772
888380
888988
889596
890204
890812
891420
892028
892636
893244
893852
894460
895068
895676
896284
896892
897500
898108
898716
899324
899932
900540
901148
901756
902364
902972
903580
904188
904796
905404
906012
906620
907228
907836
908444
909052
909660
910268
910876
911484
912092
912700
913308
913916
914524
915132
915740
916348
916956
917564
918172
918780
919388
919996
920604
921212
921820
922428
923036
923644
924252
924860
925468
926076
926684
927292
927900
928508
929116
929724
930332
930940
931548
932156
932764
933372
933980
934588
935196
935804
936412
937020
937628
938236
938844
939452
940060
940668
941276
941884
942492
943100
943708
944316
944924
945532
946140
946748
947356
947964
948572
949180
949788
950396
951004
951612
952220
952828
953436
954044
954652
955260
955868
956476
957084
957692
958300
958908
959516
960124
960732
961340
961948
962556
963164
963772
964380
964988
965596
966204
966812
967420
968028
968636
969244
969852
970460
971068
971676
972284
972892
973500
974108
974716
975324
975932
976540
977148
977756
978364
978972
979580
980188
980796
981404
982012
982620
983228
983836
984444
985052
985660
986268
986876
987484
988092
988700
989308
989916
990524
991132
991740
992348
992956
993564
994172
994780
995388
995996
996604
997212
997820
998428
999036
999644
1000252
1000860
1001468
1002076
1002684
1003292
1003900
1004508
1005116
1005724
1006332
1006940
1007548
1008156
1008764
1009372
1009980
1010588
1011196
1011804
1012412
1013020
1013628
1014236
1014844
1015452
1016060
1016668
1017276
1017884
1018492
1019100
1019708
1020316
1020924
1021532
1022140
1022748
1023356
1023964
1024572
1025180
1025636
1026092
1026548
1027004
1027460
1027916
1028372
1028828
1029284
1029740
1030196
1030652
1031108
1031564
1032020
1032476
1032932
1033388
1033844
1034300
1034756
1035212
1035668
1036124
1036580
1037036
1037492
1037948
1038404
1038860
1039316
1039772
1040228
1040684
1041140
1041596
1042052
1042508
1042964
1043420
1043876
1044332
1044788
1045244
1045700
1046156
1046612
1047068
1047524
1047980
1048436
1048892
1049348
1049804
1050260
1050716
1051172
1051628
1052084
1052540
1052996
1053452
1053908
1054364
1054820
1055276
1055732
1056188
1056644
1057100
1057556
1058012
1058468
1058924
1059380
1059836
1060292
1060748
1061204
1061660
1062116
1062572
1063028
1063484
1063940
1064396
1064852
1065308
1065764
1066220
1066676
1067132
1067588
1068044
1068500
1068956
1069412
1069868
1070324
1070780
1071236
1071692
1072148
1072604
1073060
1073516
1073972
1074428
1074884
1075340
1075796
1076252
1076708
1077164
1077620
1078076
1078532
1078988
1079444
1079900
1080356
1080812
1081268
1081724
1082180
1082636
1083092
1083548
1084004
1084460
1084916
1085372
1085828
1086284
1086740
1087196
1087652
1088108
1088564
1089020
1089476
1089932
1090388
1090844
1091300
1091756
1092212
1092668
1093124
1093580
1094036
1094492
1094796
1095100
1095404
1095708
1096012
1096316
1096620
1096924
1097228
1097532
1097836
1098140
1098444
1098748
1099052
1099356
1099660
1099964
1100268
1100572
1100876
1101180
1101484
1101788
1102092
1102396
1102700
1103004
1103308
1103612
1103916
1104220
1104524
1104828
1105132
1105436
1105740
1106044
1106348
1106652
1106956
1107260
1107564
1107868
1108172
1108476
1108780
1109084
1109388
1109692
1109996
1110300
1110604
1110908
1111212
1111516
1111820
1112124
1112428
1112732
1113036
1113340
1113644
1113948
1114252
1114556
1114860
1115164
1115468
1115772
1116076
1116380
1116684
1116988
1117292
1117596
1117900
1118204
1118508
1118812
1119116
1119420
1119724
1120028
1120332
1120636
1120940
1121244
1121548
1121852
1122156
1122460
1122764
1123068
1123372
1123676
1123980
1124284
1124588
1124892
1125196
1125500
1125804
1126108
1126412
1126716
1127020
1127324
1127628
1127932
1128236
1128540
1128844
1129148
1129452
1129756
1130060
1130364
1130668
1130972
1131276
1131580
1131884
1132188
1132492
1132796
1133100
1133404
1133708
1134012
1134316
1134620
1134924
1135228
1135532
1135836
1136140
1136444
1136748
1137052
1137356
1137660
1137964
1138268
1138572
1138876
1139180
1139484
1139788
1140092
1140396
1140700
1140706
1140711
1140716
1140721
1140726
1140731
1140736
1140741
1140746
1140751
1140756
1140761
1140766
1140771
1140776
1140781
1140785
1140789
1140793
1140797
1140801
1140805
1140809
1140813
1140817
1140821
1140825
1140829
1140833
1140837
1140841
1140845
1140849
1140853
1140857
1140861
1140865
1140869
1140873
1140877
1140881
1140885
1140889
1140893
1140897
1140901
1140905
1140909
1140913
1140917
1140922
1140927
1140932
1140936
1140940
1140944
1140948
1140952
1140956
1140960
1140965
1140970
1140975
1140980
1140985
1140990
1140995
1140999
1141004
1141009
1141013
1141018
1141023
1141028
1141033
1141038
1141042
1141047
1141052
1141057
1141062
1141067
1141072
1141077
1141082
1141086
1141091
1141096
1141101
1141106
1141110
1141115
1141119
1141123
1141128
1141133
1141138
1141142
1141146
1141150
1141154
1141158
1141162
1141166
1141170
1141174
1141178
1141182
1141186
1141190
1141194
1141198
1141202
1141206
1141210
1141214
1141218
1141222
1141226
1141230
1141234
1141238
1141242
1141246
1141250
1141254
1141258
1141262
1141266
1141270
1141274
1141278
1141282
1141286
1141290
1141294
1141298
1141302
1141306
1141310
1141314
1141318
1141322
1141327
1141332
1141337
1141342
1141347
1141352
1141357
1141362
1141366
1141370
1141375
1141380
1141385
1141390
1141395
1141400
1141405
1141410
1141415
1141420
1141425
1141430
1141435
1141440
1141445
1141450
1141455
1141460
1141465
1141470
1141475
1141480
1141485
1141490
1141495
1141500
1141504
1141508
1141512
1141516
1141520
1141524
1141528
1141532
1141536
1141540
1141544
1141548
1141552
1141556
1141560
1141564
1141568
1141572
1141576
1141580
1141584
1141588
1141592
1141596
1141600
1141604
1141608
1141612
1141616
1141620
1141624
1141628
1141632
1141636
1141640
1141644
1141648
1141652
1141656
1141660
1141664
1141668
1141672
1141676
1141680
1141684
1141688
1141692
1141696
1141700
1141704
1141708
1141712
1141716
1141720
1141724
1141728
1141732
1141736
1141740
1141744
1141748
1141752
1141756
1141760
1141764
1141768
1141772
1141776
1141780
1141784
1141788
1141792
1141796
1141800
1141804
1141808
1141812
1141816
1141820
1141824
1141828
1141832
1141836
1141840
1141844
1141848
1141852
1141856
1141860
1141864
1141868
1141872
1141876
1141880
1141884
1141888
1141892
1141896
1141900
1141904
1141908
1141912
1141917
1141922
1141927
1141931
1141935
1141939
1141943
1141947
1141951
1141956
1141961
1141966
1141971
1141975
1141979
1141983
1141987
1141991
1141995
1142000
1142005
1142010
1142015
1142020
1142024
1142028
1142032
1142036
1142040
1142044
1142048
1142052
1142056
1142060
1142064
1142068
1142072
1142076
1142080
1142084
1142088
1142092
1142096
1142101
1142105
1142109
1142114
1142119
1142124
1142129
1142134
1142139
1142144
1142149
1142154
1142159
1142162
1142167
1142173
1142177
1142181
1142185
1142189
1142195
1142201
1142207
1142213
1142219
1142223
1142229
1142235
1142241
1142247
1142251
1142257
1142261
1142267
1142273
1142279
1142285
1142291
1142297
1142303
1142309
1142315
1142321
1142327
1142333
1142339
1142345
1142351
1142357
1142363
1142369
1142375
1142381
1142387
1142393
1142399
1142405
1142411
1142417
1142423
1142429
1142435
1142441
1142447
1142453
1142459
1142465
1142471
1142477
1142483
1142489
1142495
1142501
1142507
1142513
1142519
1142525
1142531
1142537
1142543
1142549
1142555
1142561
1142565
1142571
1142577
1142583
1142589
1142593
1142599
1142605
1142611
1142617
1142623
1142629
1142635
1142641
1142647
1142653
1142657
1142661
1142665
1142669
1142673
1142677
1142681
1142685
1142689
1142693
1142697
1142701
1142705
1142709
1142713
1142718
1142722
1142726
1142730
1142734
1142738
1142742
1142746
1142750
1142754
1142758
1142762
1142766
1142770
1142774
1142778
1142782
1142786
1142790
1142794
1142798
1142802
1142806
1142810
1142814
1142818
1142825
1142831
1142837
1142843
1142848
1142853
1142858
1142863
1142868
1142873
1142878
1142883
1142887
1142893
1142898
1142903
1142908
1142913
1142918
1142924
1142930
1142936
1142942
1142948
1142954
1142960
1142966
1142972
1142978
1142985
1142991
1142997
1143003
1143009
1143015
1143022
1143028
1143034
1143040
1143046
1143052
1143058
1143064
1143070
1143076
1143082
1143088
1143094
1143100
1143106
1143110
1143116
1143122
1143128
1143132
1143138
1143144
1143150
1143156
1143162
1143168
1143174
1143180
1143186
1143192
1143198
1143204
1143210
1143216
1143222
1143228
1143232
1143238
1143244
1143249
1143254
1143259
1143264
1143269
1143274
1143279
1143284
1143289
1143294
1143299
1143304
1143308
1143312
1143317
1143322
1143327
1143332
1143337
1143342
1143346
1143352
1143358
1143364
1143372
1143380
1143388
1143396
1143404
1143412
1143420
1143428
1143436
1143444
1143452
1143460
1143468
1143476
1143484
1143492
1143500
1143508
1143514
1143522
1143530
1143538
1143546
1143554
1143560
1143568
1143574
1143580
1143588
1143594
1143602
1143610
1143618
1143626
1143634
1143642
1143650
1143658
1143666
1143674
1143682
1143690
1143698
1143706
1143714
1143722
1143730
1143738
1143746
1143754
1143762
1143770
1143778
1143786
1143794
1143802
1143810
1143818
1143826
1143834
1143842
1143850
1143858
1143866
1143874
1143882
1143890
1143898
1143906
1143914
1143922
1143930
1143938
1143946
1143954
1143962
1143968
1143976
1143984
1143992
1144000
1144008
1144016
1144024
1144032
1144040
1144048
1144056
1144064
1144072
1144080
1144088
1144096
1144104
1144112
1144120
1144128
1144136
1144144
1144152
1144160
1144168
1144176
1144184
1144192
1144200
1144208
1144216
1144224
1144232
1144240
1144248
1144256
1144264
1144272
1144280
1144288
1144296
1144304
1144312
1144320
1144328
1144336
1144344
1144352
1144360
1144368
1144376
1144384
1144392
1144400
1144408
1144416
1144424
1144432
1144440
1144448
1144456
1144464
1144472
1144480
1144488
1144496
1144504
1144512
1144520
1144528
1144536
1144544
1144552
1144560
1144568
1144576
1144584
1144592
1144600
1144608
1144616
1144624
1144632
1144640
1144648
1144656
1144664
1144672
1144680
1144688
1144696
1144704
1144712
1144720
1144728
1144734
1144740
1144746
1144752
1144758
1144764
1144770
1144776
1144782
1144788
1144794
1144800
1144806
1144812
1144818
1144824
1144830
1144836
1144842
1144848
1144854
1144860
1144866
1144872
1144878
1144884
1144890
1144898
1144906
1144912
1144919
1144925
1144931
1144937
1144944
1144950
1144956
1144963
1144971
1144980
1144988
1144996
1145004
1145012
1145020
1145028
1145036
1145042
1145050
1145058
1145066
1145074
1145082
1145090
1145098
1145104
1145112
1145120
1145126
1145132
1145140
1145146
1145152
1145160
1145166
1145172
1145178
1145184
1145192
1145198
1145206
1145214
1145222
1145230
1145238
1145244
1145252
1145260
1145268
1145274
1145282
1145290
1145296
1145304
1145312
1145320
1145328
1145336
1145344
1145352
1145360
1145368
1145376
1145384
1145392
1145400
1145410
1145416
1145424
1145432
1145440
1145448
1145456
1145466
1145476
1145484
1145494
1145504
1145514
1145522
1145532
1145542
1145552
1145562
1145572
1145582
1145592
1145602
1145612
1145622
1145632
1145642
1145652
1145662
1145672
1145680
1145690
1145700
1145710
1145720
1145730
1145740
1145750
1145760
1145770
1145778
1145788
1145798
1145808
1145818
1145826
1145836
1145846
1145856
1145864
1145874
1145884
1145894
1145902
1145910
1145918
1145925
1145932
1145940
1145948
1145958
1145966
1145976
1145984
1145992
1146000
1146009
1146020
1146030
1146038
1146048
1146058
1146066
1146074
1146082
1146090
1146098
1146106
1146114
1146122
1146132
1146140
1146150
1146158
1146168
1146176
1146184
1146192
1146202
1146210
1146218
1146226
1146234
1146244
1146252
1146260
1146268
1146280
1146292
1146300
1146308
1146316
1146324
1146332
1146342
1146350
1146358
1146368
1146376
1146384
1146392
1146404
1146416
1146428
1146440
1146452
1146464
1146476
1146488
1146500
1146512
1146520
1146532
1146544
1146556
1146568
1146580
1146592
1146604
1146616
1146628
1146640
1146652
1146664
1146676
1146688
1146700
1146712
1146724
1146732
1146740
1146748
1146756
1146764
1146776
1146786
1146794
1146806
1146816
1146826
1146834
1146844
1146857
1146867
1146877
1146885
1146893
1146903
1146913
1146923
1146931
1146943
1146951
1146961
1146969
1146981
1146991
1147005
1147019
1147033
1147047
1147057
1147069
1147083
1147097
1147111
1147125
1147139
1147153
1147167
1147181
1147193
1147203
1147213
1147225
1147235
1147245
1147255
1147267
1147279
1147291
1147303
1147313
1147327
1147341
1147353
1147367
1147378
1147394
1147410
1147426
1147440
1147456
1147466
1147480
1147494
1147508
1147522
1147540
1147558
1147572
1147586
1147598
1147618
1147636
1147654
1147672
1147677
1147682
1147687
1147692
1147697
1147702
1147707
1147712
1147717
1147722
1147727
1147732
1147737
1147742
1147747
1147752
1147756
1147760
1147764
1147768
1147772
1147776
1147780
1147784
1147788
1147792
1147796
1147800
1147804
1147808
1147812
1147816
1147820
1147824
1147828
1147832
1147836
1147840
1147844
1147848
1147852
1147856
1147860
1147864
1147868
1147872
1147876
1147880
1147884
1147888
1147893
1147898
1147903
1147907
1147911
1147915
1147919
1147923
1147927
1147931
1147936
1147941
1147946
1147951
1147956
1147961
1147966
1147970
1147975
1147980
1147984
1147989
1147994
1147999
1148004
1148009
1148013
1148018
1148023
1148028
1148033
1148038
1148043
1148048
1148053
1148057
1148062
1148067
1148072
1148077
1148081
1148086
1148090
1148094
1148099
1148104
1148109
1148113
1148117
1148121
1148125
1148129
1148133
1148137
1148141
1148145
1148149
1148153
1148157
1148161
1148165
1148169
1148173
1148177
1148181
1148185
1148189
1148193
1148197
1148201
1148205
1148209
1148213
1148217
1148221
1148225
1148229
1148233
1148237
1148241
1148245
1148249
1148253
1148257
1148261
1148265
1148269
1148273
1148277
1148281
1148285
1148289
1148293
1148298
1148303
1148308
1148313
1148318
1148323
1148328
1148333
1148337
1148341
1148346
1148351
1148356
1148361
1148366
1148371
1148376
1148381
1148386
1148391
1148396
1148401
1148406
1148411
1148416
1148421
1148426
1148431
1148436
1148441
1148446
1148451
1148456
1148461
1148466
1148471
1148475
1148479
1148483
1148487
1148491
1148495
1148499
1148503
1148507
1148511
1148515
1148519
1148523
1148527
1148531
1148535
1148539
1148543
1148547
1148551
1148555
1148559
1148563
1148567
1148571
1148575
1148579
1148583
1148587
1148591
1148595
1148599
1148603
1148607
1148611
1148615
1148619
1148623
1148627
1148631
1148635
1148639
1148643
1148647
1148651
1148655
1148659
1148663
1148667
1148671
1148675
1148679
1148683
1148687
1148691
1148695
1148699
1148703
1148707
1148711
1148715
1148719
1148723
1148727
1148731
1148735
1148739
1148743
1148747
1148751
1148755
1148759
1148763
1148767
1148771
1148775
1148779
1148783
1148787
1148791
1148795
1148799
1148803
1148807
1148811
1148815
1148819
1148823
1148827
1148831
1148835
1148839
1148843
1148847
1148851
1148855
1148859
1148863
1148867
1148871
1148875
1148879
1148883
1148888
1148893
1148898
1148902
1148906
1148910
1148914
1148918
1148922
1148927
1148932
1148937
1148942
1148946
1148950
1148954
1148958
1148962
1148966
1148971
1148976
1148981
1148986
1148991
1148995
1148999
1149003
1149007
1149011
1149015
1149019
1149023
1149027
1149031
1149035
1149039
1149043
1149047
1149051
1149055
1149059
1149063
1149067
1149072
1149076
1149080
1149085
1149090
1149095
1149100
1149105
1149110
1149115
1149120
1149125
1149130
1149133
1149138
1149144
1149148
1149152
1149156
1149160
1149166
1149172
1149178
1149184
1149190
1149194
1149200
1149206
1149212
1149218
1149222
1149228
1149232
1149238
1149244
1149250
1149256
1149262
1149268
1149274
1149280
1149286
1149292
1149298
1149304
1149310
1149316
1149322
1149328
1149334
1149340
1149346
1149352
1149358
1149364
1149370
1149376
1149382
1149388
1149394
1149400
1149406
1149412
1149418
1149424
1149430
1149436
1149442
1149448
1149454
1149460
1149466
1149472
1149478
1149484
1149490
1149496
1149502
1149508
1149514
1149520
1149526
1149532
1149536
1149542
1149548
1149554
1149560
1149564
1149570
1149576
1149582
1149588
1149594
1149600
1149606
1149612
1149618
1149624
1149628
1149632
1149636
1149640
1149644
1149648
1149652
1149656
1149660
1149664
1149668
1149672
1149676
1149680
1149684
1149689
1149693
1149697
1149701
1149705
1149709
1149713
1149717
1149721
1149725
1149729
1149733
1149737
1149741
1149745
1149749
1149753
1149757
1149761
1149765
1149769
1149773
1149777
1149781
1149785
1149789
1149796
1149802
1149808
1149814
1149819
1149824
1149829
1149834
1149839
1149844
1149849
1149854
1149858
1149864
1149869
1149874
1149879
1149884
1149889
1149895
1149901
1149907
1149913
1149919
1149925
1149931
1149937
1149943
1149949
1149956
1149962
1149968
1149974
1149980
1149986
1149993
1149999
1150005
1150011
1150017
1150023
1150029
1150035
1150041
1150047
1150053
1150059
1150065
1150071
1150077
1150081
1150087
1150093
1150099
1150103
1150109
1150115
1150121
1150127
1150133
1150139
1150145
1150151
1150157
1150163
1150169
1150175
1150181
1150187
1150193
1150199
1150203
1150209
1150215
1150220
1150225
1150230
1150235
1150240
1150245
1150250
1150255
1150260
1150265
1150270
1150275
1150279
1150283
1150288
1150293
1150298
1150303
1150308
1150313
1150317
1150323
1150329
1150335
1150343
1150351
1150359
1150367
1150375
1150383
1150391
1150399
1150407
1150415
1150423
1150431
1150439
1150447
1150455
1150463
1150471
1150479
1150485
1150493
1150501
1150509
1150517
1150525
1150531
1150539
1150545
1150551
1150559
1150565
1150573
1150581
1150589
1150597
1150605
1150613
1150621
1150629
1150637
1150645
1150653
1150661
1150669
1150677
1150685
1150693
1150701
1150709
1150717
1150725
1150733
1150741
1150749
1150757
1150765
1150773
1150781
1150789
1150797
1150805
1150813
1150821
1150829
1150837
1150845
1150853
1150861
1150869
1150877
1150885
1150893
1150901
1150909
1150917
1150925
1150933
1150939
1150947
1150955
1150963
1150971
1150979
1150987
1150995
1151003
1151011
1151019
1151027
1151035
1151043
1151051
1151059
1151067
1151075
1151083
1151091
1151099
1151107
1151115
1151123
1151131
1151139
1151147
1151155
1151163
1151171
1151179
1151187
1151195
1151203
1151211
1151219
1151227
1151235
1151243
1151251
1151259
1151267
1151275
1151283
1151291
1151299
1151307
1151315
1151323
1151331
1151339
1151347
1151355
1151363
1151371
1151379
1151387
1151395
1151403
1151411
1151419
1151427
1151435
1151443
1151451
1151459
1151467
1151475
1151483
1151491
1151499
1151507
1151515
1151523
1151531
1151539
1151547
1151555
1151563
1151571
1151579
1151587
1151595
1151603
1151611
1151619
1151627
1151635
1151643
1151651
1151659
1151667
1151675
1151683
1151691
1151699
1151705
1151711
1151717
1151723
1151729
1151735
1151741
1151747
1151753
1151759
1151765
1151771
1151777
1151783
1151789
1151795
1151801
1151807
1151813
1151819
1151825
1151831
1151837
1151843
1151849
1151855
1151861
1151869
1151877
1151883
1151890
1151896
1151902
1151908
1151915
1151921
1151927
1151934
1151942
1151951
1151959
1151967
1151975
1151983
1151991
1151999
1152007
1152013
1152021
1152029
1152037
1152045
1152053
1152061
1152069
1152075
1152083
1152091
1152097
1152103
1152111
1152117
1152123
1152131
1152137
1152143
1152149
1152155
1152163
1152169
1152177
1152185
1152193
1152201
1152209
1152215
1152223
1152231
1152239
1152245
1152253
1152261
1152267
1152275
1152283
1152291
1152299
1152307
1152315
1152323
1152331
1152339
1152347
1152355
1152363
1152371
1152381
1152387
1152395
1152403
1152411
1152419
1152427
1152437
1152447
1152455
1152465
1152475
1152485
1152493
1152503
1152513
1152523
1152533
1152543
1152553
1152563
1152573
1152583
1152593
1152603
1152613
1152623
1152633
1152643
1152651
1152661
1152671
1152681
1152691
1152701
1152711
1152721
1152731
1152741
1152749
1152759
1152769
1152779
1152789
1152797
1152807
1152817
1152827
1152835
1152845
1152855
1152865
1152873
1152881
1152889
1152896
1152903
1152911
1152919
1152929
1152937
1152947
1152955
1152963
1152971
1152980
1152991
1153001
1153009
1153019
1153029
1153037
1153045
1153053
1153061
1153069
1153077
1153085
1153093
1153103
1153111
1153121
1153129
1153139
1153147
1153155
1153163
1153173
1153181
1153189
1153197
1153205
1153215
1153223
1153231
1153239
1153251
1153263
1153271
1153279
1153287
1153295
1153303
1153313
1153321
1153329
1153339
1153347
1153355
1153363
1153375
1153387
1153399
1153411
1153423
1153435
1153447
1153459
1153471
1153483
1153491
1153503
1153515
1153527
1153539
1153551
1153563
1153575
1153587
1153599
1153611
1153623
1153635
1153647
1153659
1153671
1153683
1153695
1153703
1153711
1153719
1153727
1153735
1153747
1153757
1153765
1153777
1153787
1153797
1153805
1153815
1153828
1153838
1153848
1153856
1153864
1153874
1153884
1153894
1153902
1153914
1153922
1153932
1153940
1153952
1153962
1153976
1153990
1154004
1154018
1154028
1154040
1154054
1154068
1154082
1154096
1154110
1154124
1154138
1154152
1154164
1154174
1154184
1154196
1154206
1154216
1154226
1154238
1154250
1154262
1154274
1154284
1154298
1154312
1154324
1154338
1154349
1154365
1154381
1154397
1154411
1154427
1154437
1154451
1154465
1154479
1154493
1154511
1154529
1154543
1154557
1154569
1154589
1154607
1154625
1154643
1154648
1154653
1154658
1154663
1154668
1154673
1154678
1154683
1154688
1154693
1154698
1154703
1154708
1154713
1154718
1154723
1154728
1154732
1154737
1154742
1154747
1154752
1154757
1154762
1154767
1154772
1154777
1154782
1154787
1154792
1154797
1154802
1154807
1154812
1154817
1154822
1154827
1154832
1154837
1154842
1154847
1154852
1154857
1154862
1154867
1154872
1154877
1154882
1154887
1154892
1154897
1154902
1154907
1154912
1154917
1154922
1154927
1154932
1154937
1154942
1154947
1154952
1154957
1154962
1154967
1154972
1154977
1154982
1154987
1154992
1154997
1155002
1155007
1155012
1155017
1155022
1155027
1155032
1155037
1155042
1155047
1155052
1155057
1155062
1155067
1155072
1155077
1155082
1155087
1155092
1155097
1155102
1155107
1155112
1155117
1155122
1155127
1155132
1155137
1155142
1155147
1155152
1155157
1155162
1155167
1155172
1155177
1155182
1155187
1155192
1155197
1155202
1155207
1155212
1155217
1155222
1155227
1155232
1155237
1155242
1155247
1155252
1155257
1155262
1155267
1155272
1155277
1155282
1155287
1155292
1155297
1155302
1155307
1155312
1155317
1155322
1155327
1155332
1155337
1155342
1155347
1155352
1155357
1155362
1155367
1155372
1155377
1155382
1155387
1155392
1155397
1155402
1155407
1155412
1155417
1155422
1155427
1155432
1155437
1155442
1155447
1155452
1155457
1155462
1155467
1155472
1155477
1155482
1155487
1155491
1155496
1155501
1155506
1155511
1155516
1155521
1155526
1155531
1155536
1155541
1155546
1155551
1155556
1155561
1155566
1155571
1155576
1155581
1155586
1155591
1155596
1155601
1155606
1155611
1155616
1155621
1155626
1155631
1155636
1155641
1155646
1155651
1155656
1155661
1155666
1155671
1155676
1155681
1155686
1155691
1155696
1155701
1155706
1155711
1155716
1155721
1155726
1155731
1155736
1155741
1155746
1155751
1155756
1155761
1155766
1155771
1155776
1155781
1155786
1155791
1155796
1155801
1155806
1155811
1155816
1155821
1155826
1155831
1155836
1155841
1155846
1155851
1155856
1155861
1155866
1155871
1155876
1155881
1155886
1155891
1155896
1155901
1155906
1155911
1155916
1155921
1155926
1155931
1155936
1155941
1155946
1155951
1155956
1155961
1155966
1155971
1155976
1155981
1155986
1155991
1155996
1156001
1156006
1156011
1156016
1156021
1156026
1156031
1156036
1156041
1156046
1156051
1156056
1156061
1156066
1156071
1156076
1156081
1156086
1156091
1156096
1156101
1156106
1156111
1156116
1156121
1156126
1156131
1156136
1156141
1156146
1156151
1156156
1156161
1156467
1156773
1157079
1157385
1157691
1157997
1158303
1158609
1158915
1159221
1159527
1159833
1160139
1160445
1160751
1161057
1161363
1161669
1161975
1162281
1162587
1162893
1163199
1163505
1163811
1164117
1164423
1164729
1165035
1165341
1165647
1165953
1166259
1166565
1166871
1167177
1167483
1167789
1168095
1168401
1168707
1169013
1169319
1169625
1169931
1170237
1170543
1170849
1171155
1171461
1171767
1172073
1172379
1172685
1172991
1173297
1173603
1173909
1174215
1174521
1174827
1175133
1175439
1175745
1176051
1176357
1176663
1176969
1177275
1177581
1177887
1178193
1178499
1178805
1179111
1179417
1179723
1180029
1180335
1180641
1180947
1181253
1181559
1181865
1182171
1182477
1182783
1183089
1183395
1183701
1184007
1184313
1184619
1184925
1185231
1185537
1185843
1186149
1186455
1186761
1187067
1187373
1187679
1187985
1188291
1188597
1188903
1189209
1189515
1189821
1190127
1190433
1190739
1191045
1191351
1191657
1191963
1192269
1192575
1192881
1193187
1193493
1193799
1194105
1194411
1194717
1195023
1195329
1195635
1195941
1196247
1196553
1196859
1197165
1197471
1197777
1198083
1198389
1198695
1199001
1199307
1199613
1199919
1200225
1200531
1200837
1201143
1201449
1201755
1202061
1202367
1202673
1203131
1203589
1204047
1204505
1204963
1205421
1205879
1206337
1206795
1207253
1207711
1208169
1208627
1209085
1209543
1210001
1210459
1210917
1211375
1211833
1212291
1212749
1213207
1213665
1214123
1214581
1215039
1215497
1215955
1216413
1216871
1217329
1217787
1218245
1218703
1219161
1219619
1220077
1220535
1220993
1221451
1221909
1222367
1222825
1223283
1223741
1224199
1224657
1225115
1225573
1226031
1226489
1226947
1227405
1227863
1228321
1228779
1229237
1229695
1230153
1230611
1231069
1231527
1231985
1232443
1232901
1233359
1233817
1234275
1234733
1235191
1235649
1236107
1236565
1237023
1237481
1237939
1238397
1238855
1239313
1239771
1240229
1240687
1241145
1241603
1242061
1242519
1242977
1243435
1243893
1244351
1244809
1245267
1245725
1246183
1246641
1247099
1247557
1248015
1248473
1248931
1249389
1249847
1250305
1250763
1251221
1251679
1252137
1252595
1253053
1253511
1253969
1254427
1254885
1255343
1255801
1256259
1256717
1257175
1257633
1258091
1258549
1259007
1259465
1259923
1260381
1260839
1261297
1261755
1262213
1262671
1263129
1263587
1264045
1264503
1264961
1265419
1265877
1266335
1266793
1267251
1267709
1268167
1268625
1269083
1269541
1269999
1270457
1270915
1271373
1271831
1272289
1272898
1273507
1274116
1274725
1275334
1275943
1276552
1277161
1277770
1278379
1278988
1279597
1280206
1280815
1281424
1282033
1282642
1283251
1283860
1284469
1285078
1285687
1286296
1286905
1287514
1288123
1288732
1289341
1289950
1290559
1291168
1291777
1292386
1292995
1293604
1294213
1294822
1295431
1296040
1296649
1297258
1297867
1298476
1299085
1299694
1300303
1300912
1301521
1302130
1302739
1303348
1303957
1304566
1305175
1305784
1306393
1307002
1307611
1308220
1308829
1309438
1310047
1310656
1311265
1311874
1312483
1313092
1313701
1314310
1314919
1315528
1316137
1316746
1317355
1317964
1318573
1319182
1319791
1320400
1321009
1321618
1322227
1322836
1323445
1324054
1324663
1325272
1325881
1326490
1327099
1327708
1328317
1328926
1329535
1330144
1330753
1331362
1331971
1332580
1333189
1333798
1334407
1335016
1335625
1336234
1336843
1337452
1338061
1338670
1339279
1339888
1340497
1341106
1341715
1342324
1342933
1343542
1344151
1344760
1345369
1345978
1346587
1347196
1347805
1348414
1349023
1349632
1350241
1350850
1351459
1352068
1352677
1353286
1353895
1354504
1355113
1355722
1356331
1356940
1357549
1358158
1358767
1359376
1359985
1360594
1361203
1361812
1362421
1363030
1363639
1364248
1364857
1365466
1366075
1366684
1367293
1367902
1368511
1369120
1369729
1370338
1370947
1371556
1372165
1372774
1373383
1373992
1374601
1375210
1375819
1376428
1377037
1377646
1378255
1378864
1379473
1380082
1380691
1381300
1381909
1382518
1383127
1383736
1384345
1384954
1385563
1386172
1386781
1387390
1387999
1388608
1389217
1389826
1390435
1391044
1391653
1392262
1392871
1393480
1394089
1394698
1395307
1395916
1396525
1397134
1397743
1398352
1398961
1399570
1400179
1400788
1401397
1402006
1402615
1403224
1403833
1404442
1405051
1405660
1406269
1406878
1407487
1408096
1408705
1409314
1409923
1410532
1411141
1411750
1412359
1412968
1413577
1414186
1414795
1415404
1416013
1416622
1417231
1417840
1418449
1419058
1419667
1420276
1420885
1421494
1422103
1422712
1423321
1423930
1424539
1425148
1425757
1426366
1426975
1427584
1428193
1428802
1429411
1430020
1430629
1431238
1431847
1432456
1433065
1433674
1434283
1434892
1435501
1436110
1436719
1437328
1437937
1438546
1439155
1439764
1440373
1440982
1441591
1442200
1442809
1443418
1444027
1444636
1445245
1445854
1446463
1447072
1447681
1448290
1448899
1449508
1450117
1450726
1451335
1451944
1452553
1453162
1453771
1454380
1454989
1455598
1456207
1456816
1457425
1458034
1458643
1459252
1459861
1460470
1461079
1461688
1462297
1462906
1463515
1464124
1464733
1465342
1465951
1466560
1467169
1467778
1468387
1468996
1469605
1470214
1470823
1471432
1472041
1472650
1473259
1473868
1474477
1475086
1475695
1476304
1476913
1477522
1478131
1478740
1479349
1479958
1480567
1481176
1481785
1482394
1483003
1483612
1484221
1484830
1485439
1486048
1486657
1487266
1487875
1488484
1489093
1489702
1490311
1490920
1491529
1492138
1492747
1493356
1493965
1494574
1495183
1495792
1496401
1497010
1497619
1498228
1498837
1499446
1500055
1500664
1501273
1501882
1502491
1503100
1503709
1504318
1504927
1505536
1506145
1506754
1507363
1507972
1508581
1509190
1509799
1510408
1511017
1511626
1512235
1512844
1513453
1514062
1514671
1515280
1515889
1516498
1517107
1517716
1518325
1518934
1519543
1520152
1520761
1521370
1521979
1522588
1523197
1523806
1524415
1525024
1525633
1526242
1526851
1527460
1528069
1528678
1529287
1529896
1530505
1531114
1531723
1532332
1532941
1533550
1534159
1534768
1535377
1535986
1536595
1537204
1537813
1538422
1539031
1539640
1540249
1540858
1541467
1542076
1542685
1543294
1543903
1544512
1545121
1545730
1546339
1546948
1547557
1548166
1548775
1549384
1549993
1550602
1551211
1551820
1552429
1553038
1553647
1554256
1554865
1555474
1556083
1556692
1557301
1557910
1558519
1559128
1559737
1560346
1560955
1561564
1562173
1562782
1563391
1564000
1564609
1565218
1565827
1566436
1567045
1567654
1568263
1568872
1569481
1570090
1570699
1571308
1571917
1572526
1573135
1573744
1574353
1574962
1575571
1576180
1576789
1577398
1578007
1578616
1579225
1579834
1580443
1581052
1581661
1582270
1582879
1583488
1584097
1584706
1585315
1585924
1586533
1587142
1587751
1588360
1588969
1589578
1590187
1590796
1591405
1592014
1592623
1593232
1593841
1594450
1595059
1595668
1596277
1596886
1597495
1598104
1598713
1599322
1599931
1600540
1601149
1601758
1602367
1602976
1603585
1604194
1604803
1605412
1606021
1606630
1607239
1607848
1608457
1609066
1609675
1610284
1610893
1611502
1612111
1612720
1613329
1613938
1614547
1615156
1615765
1616374
1616983
1617592
1618201
1618810
1619419
1620028
1620637
1621246
1621855
1622464
1623073
1623682
1624291
1624900
1625509
1626118
1626727
1627336
1627945
1628554
1629163
1629772
1630381
1630990
1631599
1632208
1632817
1633426
1634035
1634644
1635253
1635862
1636471
1637080
1637689
1638298
1638907
1639516
1640125
1640734
1641343
1641952
1642561
1643170
1643779
1644388
1644997
1645606
1646215
1646824
1647433
1648042
1648651
1649260
1649869
1650478
1651087
1651696
1652305
1652914
1653523
1654132
1654741
1655350
1655959
1656568
1657177
1657786
1658395
1659004
1659613
1660222
1660831
1661440
1662049
1662658
1663267
1663876
1664485
1665094
1665703
1666312
1666921
1667530
1668139
1668748
1669357
1669966
1670575
1671184
1671793
1672402
1673011
1673620
1674229
1674838
1675447
1676056
1676665
1677274
1677883
1678492
1679101
1679710
1680319
1680928
1681537
1682146
1682755
1683364
1683973
1684582
1685191
1685800
1686409
1687018
1687627
1688236
1688845
1689454
1690063
1690672
1691281
1691890
1692499
1693108
1693717
1694326
1694935
1695544
1696153
1696762
1697371
1697980
1698589
1699198
1699807
1700416
1701025
1701634
1702243
1702852
1703461
1704070
1704679
1705288
1705897
1706506
1707115
1707724
1708333
1708942
1709551
1710160
1710769
1711378
1711987
1712596
1713205
1713814
1714423
1715032
1715641
1716250
1716859
1717468
1718077
1718686
1719295
1719904
1720513
1721122
1721731
1722340
1722949
1723558
1724167
1724776
1725385
1725994
1726603
1727212
1727821
1728430
1729039
1729648
1730257
1730866
1731475
1732084
1732693
1733302
1733911
1734520
1735129
1735738
1736347
1736956
1737565
1738174
1738783
1739392
1740001
1740610
1741219
1741828
1742437
1743046
1743655
1744264
1744873
1745482
1746091
1746700
1747309
1747918
1748527
1749136
1749745
1750354
1750963
1751572
1752181
1752790
1753399
1754008
1754617
1755226
1755835
1756444
1757053
1757662
1758271
1758880
1759489
1760098
1760707
1761316
1761925
1762534
1763143
1763752
1764361
1764970
1765579
1766188
1766797
1767406
1768015
1768624
1769233
1769842
1770451
1771060
1771669
1772278
1772887
1773496
1774105
1774714
1775323
1775932
1776541
1777150
1777759
1778368
1778977
1779586
1780195
1780804
1781413
1782022
1782631
1783240
1783849
1784458
1785067
1785676
1786285
1786894
1787503
1788112
1788721
1789330
1789939
1790548
1791157
1791766
1792375
1792984
1793593
1794202
1794811
1795420
1796029
1796638
1797247
1797856
1798465
1799074
1799683
1800292
1800901
1801510
1802119
1802728
1803337
1803946
1804555
1805164
1805773
1806382
1806991
1807600
1808209
1808818
1809427
1810036
1810645
1811254
1811863
1812472
1813081
1813690
1814299
1814908
1815517
1816126
1816735
1817344
1817953
1818562
1819171
1819780
1820389
1820998
1821607
1822216
1822825
1823434
1824043
1824652
1825261
1825870
1826479
1827088
1827697
1828306
1828915
1829524
1830133
1830742
1831351
1831960
1832569
1833178
1833787
1834396
1835005
1835614
1836223
1836832
1837441
1838050
1838659
1839268
1839877
1840486
1841095
1841704
1842313
1842922
1843531
1844140
1844749
1845358
1845967
1846576
1847185
1847794
1848403
1849012
1849621
1850230
1850839
1851448
1852057
1852666
1853275
1853884
1854493
1855102
1855711
1856320
1856929
1857538
1858147
1858756
1859365
1859974
1860583
1861192
1861801
1862410
1863019
1863628
1864237
1864846
1865455
1866064
1866673
1867282
1867891
1868500
1869109
1869718
1870327
1870936
1871545
1872154
1872763
1873372
1873981
1874590
1875199
1875808
1876417
1877026
1877635
1878244
1878853
1879462
1880071
1880680
1881289
1881898
1882507
1883116
1883725
1884334
1884943
1885552
1886161
1886770
1887379
1887988
1888597
1889206
1889815
1890424
1891033
1891642
1892251
1892860
1893469
1894078
1894687
1895296
1895905
1896514
1897123
1897732
1898341
1898950
1899559
1900168
1900777
1901386
1901995
1902604
1903213
1903822
1904431
1905040
1905649
1906258
1906867
1907476
1908085
1908694
1909303
1909912
1910521
1911130
1911739
1912348
1912957
1913566
1914175
1914784
1915393
1916002
1916611
1917220
1917829
1918438
1919047
1919656
1920265
1920874
1921483
1922092
1922701
1923310
1923919
1924528
1925137
1925746
1926355
1926964
1927573
1928182
1928791
1929400
1930009
1930618
1931227
1931836
1932445
1933054
1933663
1934272
1934881
1935490
1936099
1936708
1937317
1937926
1938535
1939144
1939753
1940362
1940971
1941580
1942189
1942798
1943407
1944016
1944625
1945234
1945843
1946452
1947061
1947670
1948279
1948888
1949497
1950106
1950715
1951324
1951933
1952542
1953151
1953760
1954369
1954978
1955587
1956196
1956805
1957414
1958023
1958632
1959241
1959850
1960459
1961068
1961677
1962286
1962895
1963504
1964113
1964722
1965331
1965940
1966549
1967158
1967767
1968376
1968985
1969594
1970203
1970812
1971421
1972030
1972639
1973248
1973857
1974466
1975075
1975684
1976293
1976902
1977511
1978120
1978729
1979338
1979947
1980556
1981165
1981774
1982383
1982992
1983601
1984210
1984819
1985428
1986037
1986646
1987255
1987864
1988473
1989082
1989691
1990300
1990909
1991518
1992127
1992736
1993345
1993954
1994563
1995172
1995781
1996390
1996999
1997608
1998217
1998826
1999435
2000044
2000653
2001262
2001871
2002480
2003089
2003698
2004307
2004916
2005525
2006134
2006743
2007352
2007961
2008570
2009179
2009788
2010397
2011006
2011615
2012224
2012833