0
15
30
54
78
102
129
156
183
210
237
264
291
318
345
363
381
399
424
449
474
499
539
579
619
659
699
739
784
829
874
919
964
1009
1054
1099
1144
1189
1234
1279
1324
1369
1414
1459
1504
1549
1579
1609
1639
1669
1699
1729
1759
1789
1819
1849
1897
1945
1993
2041
2089
2137
2191
2245
2299
2353
2407
2461
2515
2569
2623
2677
2731
2785
2839
2893
2947
3001
3055
3109
3145
3181
3217
3253
3289
3325
3355
3385
3415
3445
3493
3541
3589
3637
3685
3733
3787
3841
3895
3949
4003
4057
4111
4165
4219
4273
4327
4381
4435
4489
4543
4597
4651
4705
4741
4777
4813
4849
4885
4921
4951
4981
5011
5041
5089
5137
5185
5233
5281
5329
5383
5437
5491
5545
5599
5653
5707
5761
5815
5869
5923
5977
6031
6085
6139
6193
6247
6301
6337
6373
6409
6445
6481
6517
6547
6577
6607
6637
6685
6733
6781
6829
6877
6925
6979
7033
7087
7141
7195
7249
7303
7357
7411
7465
7519
7573
7627
7681
7735
7789
7843
7897
7933
7969
8005
8041
8077
8113
8143
8173
8203
8233
8281
8329
8377
8425
8473
8521
8575
8629
8683
8737
8791
8845
8899
8953
9007
9061
9115
9169
9223
9277
9331
9385
9439
9493
9529
9565
9601
9637
9673
9709
9739
9769
9799
9829
9877
9925
9973
10021
10069
10117
10171
10225
10279
10333
10387
10441
10495
10549
10603
10657
10711
10765
10819
10873
10927
10981
11035
11089
11125
11161
11197
11233
11269
11305
11335
11365
11395
11425
11473
11521
11569
11617
11665
11713
11767
11821
11875
11929
11983
12037
12091
12145
12199
12253
12307
12361
12415
12469
12523
12577
12631
12685
12721
12757
12793
12829
12865
12901
12931
12961
12991
13021
13069
13117
13165
13213
13261
13309
13363
13417
13471
13525
13579
13633
13687
13741
13795
13849
13903
13957
14011
14065
14119
14173
14227
14281
14317
14353
14389
14425
14461
14497
14527
14557
14587
14617
14665
14713
14761
14809
14857
14905
14959
15013
15067
15121
15175
15229
15283
15337
15391
15445
15499
15553
15607
15661
15715
15769
15823
15877
15913
15949
15985
16021
16057
16093
16123
16153
16183
16213
16261
16309
16357
16405
16453
16501
16555
16609
16663
16717
16771
16825
16879
16933
16987
17041
17095
17149
17203
17257
17311
17365
17419
17473
17509
17545
17581
17617
17653
17689
17719
17749
17779
17809
17857
17905
17953
18001
18049
18097
18151
18205
18259
18313
18367
18421
18475
18529
18583
18637
18691
18745
18799
18853
18907
18961
19015
19069
19105
19141
19177
19213
19249
19285
19315
19345
19375
19405
19453
19501
19549
19597
19645
19693
19747
19801
19855
19909
19963
20017
20071
20125
20179
20233
20287
20341
20395
20449
20503
20557
20611
20665
20701
20737
20773
20809
20845
20881
20911
20941
20971
21001
21049
21097
21145
21193
21241
21289
21343
21397
21451
21505
21559
21613
21667
21721
21775
21829
21883
21937
21991
22045
22099
22153
22207
22261
22297
22333
22369
22405
22441
22477
22507
22537
22567
22597
22645
22693
22741
22789
22837
22885
22939
22993
23047
23101
23155
23209
23263
23317
23371
23425
23479
23533
23587
23641
23695
23749
23803
23857
23893
23929
23965
24001
24037
24073
24103
24133
24163
24193
24241
24289
24337
24385
24433
24481
24535
24589
24643
24697
24751
24805
24859
24913
24967
25021
25075
25129
25183
25237
25291
25345
25399
25453
25489
25525
25561
25597
25633
25669
25699
25729
25759
25789
25837
25885
25933
25981
26029
26077
26131
26185
26239
26293
26347
26401
26455
26509
26563
26617
26671
26725
26779
26833
26887
26941
26995
27049
27085
27121
27157
27193
27229
27265
27295
27325
27355
27385
27433
27481
27529
27577
27625
27673
27727
27781
27835
27889
27943
27997
28051
28105
28159
28213
28267
28321
28375
28429
28483
28537
28591
28645
28681
28717
28753
28789
28825
28861
28891
28921
28951
28981
29029
29077
29125
29173
29221
29269
29323
29377
29431
29485
29539
29593
29647
29701
29755
29809
29863
29917
29971
30025
30079
30133
30187
30241
30277
30313
30349
30385
30421
30457
30487
30517
30547
30577
30625
30673
30721
30769
30817
30865
30919
30973
31027
31081
31135
31189
31243
31297
31351
31405
31459
31513
31567
31621
31675
31729
31783
31837
31873
31909
31945
31981
32017
32053
32083
32113
32143
32173
32221
32269
32317
32365
32413
32461
32515
32569
32623
32677
32731
32785
32839
32893
32947
33001
33055
33109
33163
33217
33271
33325
33379
33433
33469
33505
33541
33577
33613
33649
33679
33709
33739
33769
33817
33865
33913
33961
34009
34057
34111
34165
34219
34273
34327
34381
34435
34489
34543
34597
34651
34705
34759
34813
34867
34921
34975
35029
35065
35101
35137
35173
35209
35245
35275
35305
35335
35365
35413
35461
35509
35557
35605
35653
35707
35761
35815
35869
35923
35977
36031
36085
36139
36193
36247
36301
36355
36409
36463
36517
36571
36625
36661
36697
36733
36769
36805
36841
36871
36901
36931
36961
37009
37057
37105
37153
37201
37249
37303
37357
37411
37465
37519
37573
37627
37681
37735
37789
37843
37897
37951
38005
38059
38113
38167
38221
38257
38293
38329
38365
38401
38437
38467
38497
38527
38557
38605
38653
38701
38749
38797
38845
38899
38953
39007
39061
39115
39169
39223
39277
39331
39385
39439
39493
39547
39601
39655
39709
39763
39817
39853
39889
39925
39961
39997
40033
40063
40093
40123
40153
40201
40249
40297
40345
40393
40441
40495
40549
40603
40657
40711
40765
40819
40873
40927
40981
41035
41089
41143
41197
41251
41305
41359
41413
41449
41485
41521
41557
41593
41629
41659
41689
41719
41749
41797
41845
41893
41941
41989
42037
42091
42145
42199
42253
42307
42361
42415
42469
42523
42577
42631
42685
42739
42793
42847
42901
42955
43009
43045
43081
43117
43153
43189
43225
43255
43285
43315
43345
43393
43441
43489
43537
43585
43633
43687
43741
43795
43849
43903
43957
44011
44065
44119
44173
44227
44281
44335
44389
44443
44497
44551
44605
44641
44677
44713
44749
44785
44821
44851
44881
44911
44941
44989
45037
45085
45133
45181
45229
45283
45337
45391
45445
45499
45553
45607
45661
45715
45769
45823
45877
45931
45985
46039
46093
46147
46201
46237
46273
46309
46345
46381
46417
46447
46477
46507
46537
46585
46633
46681
46729
46777
46825
46879
46933
46987
47041
47095
47149
47203
47257
47311
47365
47419
47473
47527
47581
47635
47689
47743
47797
47833
47869
47905
47941
47977
48013
48043
48073
48103
48133
48181
48229
48277
48325
48373
48421
48475
48529
48583
48637
48691
48745
48799
48853
48907
48961
49015
49069
49123
49177
49231
49285
49339
49393
49429
49465
49501
49537
49573
49609
49639
49669
49699
49729
49777
49825
49873
49921
49969
50017
50071
50125
50179
50233
50287
50341
50395
50449
50503
50557
50611
50665
50719
50773
50827
50881
50935
50989
51025
51061
51097
51133
51169
51205
51235
51265
51295
51325
51373
51421
51469
51517
51565
51613
51667
51721
51775
51829
51883
51937
51991
52045
52099
52153
52207
52261
52315
52369
52423
52477
52531
52585
52621
52657
52693
52729
52765
52801
52831
52861
52891
52921
52969
53017
53065
53113
53161
53209
53263
53317
53371
53425
53479
53533
53587
53641
53695
53749
53803
53857
53911
53965
54019
54073
54127
54181
54217
54253
54289
54325
54361
54397
54422
54447
54472
54497
54512
54527
54567
54607
54647
54687
54727
54767
54791
54815
54839
54884
54929
54974
55019
55064
55109
55136
55163
55190
55235
55280
55325
55370
55415
55460
55487
55514
55541
55586
55631
55676
55721
55766
55811
55841
55871
55901
55931
55961
55991
56018
56045
56072
56090
56108
56126