0
8
16
25
40
55
64
72
87
104
121
136
145
156
173
190
207
224
239
248
259
276
293
310
327
344
359
368
379
396
413
430
447
464
481
496
508
519
530
541
552
563
571
582
599
616
633
650
667
684
701
718
735
752
769
786
803
818
830
841
849
857
865
868
880
897
914
931
948
965
982
999
1016
1033
1050
1067
1084
1101
1118
1135
1152
1167
1179
1190
1202
1217
1232
1244
1255
1266
1277
1288
1299
1310
1321
1332
1343
1355
1364
1372
1387
1404
1421
1438
1455
1472
1489
1506
1523
1540
1557
1574
1591
1608
1625
1642
1659
1676
1693
1710
1727
1744
1761
1778
1795
1812
1829
1846
1863
1880
1897
1914
1931
1948
1959
1970
1987
2004
2021
2038
2055
2072
2089
2106
2123
2140
2157
2174
2191
2208
2225
2242
2259
2276
2293
2310
2327
2344
2361
2378
2395
2412
2429
2446
2463
2480
2497
2514
2531
2548
2559
2570
2587
2604
2621
2638
2655
2672
2689
2706
2723
2740
2757
2774
2791
2808
2825
2842
2859
2876
2893
2910
2927
2944
2961
2978
2995
3012
3029
3046
3063
3080
3097
3114
3131
3148
3159
3170
3187
3204
3221
3238
3255
3272
3289
3306
3323
3340
3357
3374
3391
3408
3425
3442
3459
3476
3493
3510
3527
3544
3561
3578
3595
3612
3629
3646
3663
3680
3697
3714
3731
3748
3759
3770
3787
3804
3821
3838
3855
3872
3889
3906
3923
3940
3957
3974
3991
4008
4025
4042
4059
4076
4093
4110
4127
4144
4161
4178
4195
4212
4229
4246
4263
4280
4297
4314
4331
4348
4359
4370
4387
4404
4421
4438
4455
4472
4489
4506
4523
4540
4557
4574
4591
4608
4625
4642
4659
4676
4693
4710
4727
4744
4761
4778
4795
4812
4829
4846
4863
4880
4897
4914
4931
4946
4954
4962
4977
4994
5011
5028
5045
5062
5079
5096
5113
5130
5147
5164
5181
5198
5215
5232
5249
5266
5283
5300
5317
5334
5351
5368
5385
5402
5419
5436
5453
5470
5487
5504
5519
5528
5537
5552
5569
5586
5603
5620
5637
5654
5671
5688
5705
5722
5737
5749
5761
5776
5793
5810
5827
5844
5861
5878
5895
5912
5929
5946
5963
5980
5995
6007
6018
6029
6037
6046
6061
6078
6095
6112
6129
6146
6163
6180
6197
6214
6226
6235
6250
6267
6284
6301
6318
6335
6352
6369
6386
6403
6420
6437
6449
6458
6473
6490
6507
6524
6541
6558
6575
6592
6607
6615
6625
6638
6653
6670
6687
6704
6721
6738
6755
6772
6789
6806
6818
6827
6842
6859
6876
6893
6910
6927
6944
6956
6959
6971
6988
7005
7022
7039
7056
7073
7090
7107
7124
7139
7148
7160
7177
7194
7211
7228
7245
7262
7273
7285
7302
7319
7336
7353
7370
7387
7404
7421
7438
7453
7463
7466
7478
7495
7512
7529
7546
7563
7580
7591
7599
7614
7631
7648
7665
7682
7699
7716
7733
7748
7760
7768
7777
7792
7809
7826
7843
7860
7877
7894
7905
7913
7928
7945
7962
7979
7996
8013
8030
8045
8054
8063
8078
8095
8112
8129
8144
8156
8167
8178
8185
8197
8214
8231
8248
8265
8282
8299
8311
8318
8330
8345
8362
8379
8396
8411
8420
8431
8448
8465
8480
8493
8508
8525
8536
8548
8565
8582
8599
8616
8633
8645
8652
8664
8679
8691
8700
8713
8721
8729
8741
8756
8773
8790
8807
8824
8841
8853
8861
8868
8872
8880
8895
8912
8929
8946
8963
8980
8997
9014
9029
9037
9048
9065
9082
9099
9116
9133
9150
9167
9184
9201
9213
9221
9236
9253
9270
9287
9304
9321
9338
9355
9372
9387
9395
9403
9415
9430
9447
9464
9481
9498
9515
9532
9549
9561
9570
9585
9602
9619
9636
9653
9670
9687
9700
9704
9716
9733
9750
9767
9784
9801
9816
9825
9837
9854
9871
9888
9905
9922
9935
9944
9959
9976
9993
10010
10027
10044
10059
10067
10075
10090
10105
10118
10133
10150
10167
10184
10199
10207
10218
10233
10242
10251
10266
10281
10293
10301
10308
10316
10324
10332
10342
10356
10373
10387
10400
10418
10437
10455
10469
10485
10504
10523
10542
10560
10574
10590
10609
10628
10647
10666
10684
10698
10714
10733
10752
10771
10790
10809
10827
10842
10854
10866
10878
10890
10902
10913
10929
10948
10967
10986
11005
11024
11043
11062
11081
11100
11119
11138
11157
11175
11190
11202
11213
11223
11240
11259
11278
11297
11316
11335
11354
11373
11392
11411
11430
11449
11468
11487
11506
11525
11543
11558
11570
11582
11597
11614
11629
11641
11653
11665
11677
11689
11701
11713
11725
11737
11749
11761
11774
11792
11811
11830
11849
11868
11887
11906
11925
11944
11963
11982
12001
12020
12039
12058
12077
12096
12115
12134
12153
12172
12191
12210
12229
12248
12267
12286
12305
12324
12343
12362
12381
12400
12416
12432
12451
12470
12489
12508
12527
12546
12565
12584
12603
12622
12641
12660
12679
12698
12717
12736
12755
12774
12793
12812
12831
12850
12869
12888
12907
12926
12945
12964
12983
13002
13021
13040
13059
13075
13091
13110
13129
13148
13167
13186
13205
13224
13243
13262
13281
13300
13319
13338
13357
13376
13395
13414
13433
13452
13471
13490
13509
13528
13547
13566
13585
13604
13623
13642
13661
13680
13699
13718
13734
13750
13769
13788
13807
13826
13845
13864
13883
13902
13921
13940
13959
13978
13997
14016
14035
14054
14073
14092
14111
14130
14149
14168
14187
14206
14225
14244
14263
14282
14301
14320
14339
14358
14377
14393
14409
14428
14447
14466
14485
14504
14523
14542
14561
14580
14599
14618
14637
14656
14675
14694
14713
14732
14751
14770
14789
14808
14827
14846
14865
14884
14903
14922
14941
14960
14979
14998
15017
15036
15052
15068
15087
15106
15125
15144
15163
15182
15201
15220
15239
15258
15277
15296
15315
15334
15353
15372
15391
15410
15429
15448
15467
15486
15505
15524
15543
15562
15581
15600
15619
15638
15657
15676
15694
15707
15720
15738
15757
15776
15795
15814
15833
15852
15871
15890
15909
15928
15947
15966
15985
16004
16023
16042
16061
16080
16099
16118
16137
16156
16175
16194
16213
16232
16251
16270
16289
16308
16326
16340
16354
16372
16391
16410
16429
16448
16467
16486
16505
16524
16543
16561
16576
16588
16603
16621
16640
16659
16678
16697
16716
16735
16754
16773
16792
16811
16830
16848
16863
16875
16887
16898
16912
16930
16949
16968
16987
17006
17025
17044
17063
17082
17099
17113
17131
17150
17169
17188
17207
17226
17245
17264
17283
17302
17321
17338
17352
17370
17389
17408
17427
17446
17465
17484
17502
17515
17528
17543
17561
17580
17599
17618
17637
17656
17675
17694
17713
17730
17744
17762
17781
17800
17819
17838
17857
17874
17891
17910
17929
17948
17967
17986
18005
18024
18043
18061
18075
18092
18111
18130
18149
18168
18187
18203
18220
18239
18258
18277
18296
18315
18334
18353
18372
18390
18404
18410
18427
18446
18465
18484
18503
18522
18538
18551
18569
18588
18607
18626
18645
18664
18683
18701
18716
18727
18741
18759
18778
18797
18816
18835
18854
18870
18883
18901
18920
18939
18958
18977
18996
19014
19028
19042
19060
19079
19098
19116
19131
19143
19155
19165
19182
19201
19220
19239
19258
19277
19294
19304
19319
19337
19356
19375
19393
19407
19423
19442
19460
19475
19490
19508
19524
19541
19560
19579
19598
19617
19634
19644
19659
19675
19688
19700
19711
19726
19744
19763
19782
19801
19820
19837
19846
19859
19877
19896
19915
19934
19953
19972
19991
20009
20022
20038
20057
20076
20095
20114
20133
20152
20171
20190
20207
20220
20238
20257
20276
20295
20314
20333
20352
20371
20389
20402
20413
20428
20446
20465
20484
20503
20522
20541
20560
20577
20591
20609
20628
20647
20666
20685
20704
20721
20730
20747
20766
20785
20804
20823
20841
20855
20872
20891
20910
20929
20948
20966
20980
20998
21017
21036
21055
21074
21092
21105
21118
21135
21150
21165
21183
21202
21221
21239
21252
21267
21281
21295
21312
21327
21338
21347
21357
21370
21383
21397
21415
21433
21447
21458
21476
21495
21514
21532
21546
21558
21577
21596
21615
21634
21652
21666
21678
21697
21716
21735
21754
21773
21791
21805
21817
21836
21855
21874
21893
21912
21931
21949
21966
21982
21998
22014
22030
22046
22059
22071
22090
22109
22128
22147
22166
22185
22204
22223
22242
22261
22280
22299
22318
22336
22353
22369
22382
22395
22408
22414
22429
22448
22467
22486
22505
22524
22543
22562
22581
22600
22619
22638
22657
22676
22695
22714
22733
22751
22768
22784
22801
22819
22837
22854
22870
22886
22902
22918
22934
22950
22966
22982
22998
23015
23026
23037
23055
23074
23093
23112
23131
23150
23169
23188
23207
23226
23245
23264
23283
23302
23321
23340
23359
23378
23397
23416
23435
23454
23473
23492
23511
23530
23549
23568
23587
23606
23625
23644
23663
23682
23694
23706
23725
23744
23763
23782
23801
23820
23839
23858
23877
23896
23915
23934
23953
23972
23991
24010
24029
24048
24067
24086
24105
24124
24143
24162
24181
24200
24219
24238
24257
24276
24295
24314
24333
24352
24364
24376
24395
24414
24433
24452
24471
24490
24509
24528
24547
24566
24585
24604
24623
24642
24661
24680
24699
24718
24737
24756
24775
24794
24813
24832
24851
24870
24889
24908
24927
24946
24965
24984
25003
25022
25034
25046
25065
25084
25103
25122
25141
25160
25179
25198
25217
25236
25255
25274
25293
25312
25331
25350
25369
25388
25407
25426
25445
25464
25483
25502
25521
25540
25559
25578
25597
25616
25635
25654
25673
25692
25704
25716
25735
25754
25773
25792
25811
25830
25849
25868
25887
25906
25925
25944
25963
25982
26001
26020
26039
26058
26077
26096
26115
26134
26153
26172
26191
26210
26229
26248
26267
26286
26305
26324
26343
26361
26372
26383
26401
26420
26439
26458
26477
26496
26515
26534
26553
26572
26591
26610
26629
26648
26667
26686
26705
26724
26743
26762
26781
26800
26819
26838
26857
26876
26895
26914
26933
26952
26971
26990
27008
27022
27036
27054
27073
27092
27111
27130
27149
27168
27187
27206
27225
27244
27262
27279
27296
27314
27333
27352
27371
27390
27409
27428
27447
27466
27485
27504
27523
27542
27560
27577
27593
27609
27622
27636
27654
27673
27692
27711
27730
27749
27768
27787
27806
27825
27840
27854
27872
27891
27910
27929
27948
27967
27986
28005
28024
28043
28062
28081
28096
28110
28128
28147
28166
28185
28204
28223
28242
28261
28279
28290
28304
28322
28340
28359
28378
28397
28416
28435
28454
28473
28492
28511
28523
28537
28555
28574
28593
28612
28631
28650
28669
28684
28690
28705
28724
28743
28762
28781
28800
28819
28838
28857
28876
28891
28906
28925
28944
28963
28982
29001
29020
29032
29044
29063
29082
29101
29120
29139
29158
29177
29196
29215
29232
29244
29256
29275
29294
29313
29332
29351
29370
29382
29397
29416
29435
29454
29473
29492
29511
29530
29548
29565
29578
29593
29612
29631
29650
29669
29688
29707
29719
29729
29746
29765
29784
29803
29822
29841
29860
29878
29892
29906
29924
29943
29962
29980
29997
30013
30029
30039
30054
30073
30092
30111
30130
30149
30168
30183
30197
30215
30234
30253
30271
30285
30297
30316
30335
30353
30371
30389
30408
30420
30430
30447
30465
30484
30503
30522
30537
30547
30564
30582
30597
30611
30628
30639
30654
30673
30692
30711
30730
30749
30761
30774
30784
30793
30806
30823
30841
30860
30879
30898
30917
30936
30951
30962
30980
30999
31018
31037
31056
31075
31094
31113
31131
31142
31153
31171
31190
31209
31228
31247
31266
31285
31304
31323
31338
31351
31368
31386
31405
31424
31443
31462
31481
31500
31518
31529
31543
31561
31580
31599
31618
31637
31656
31675
31689
31704
31723
31742
31761
31780
31799
31817
31830
31842
31861
31880
31899
31918
31937
31952
31967
31986
32005
32024
32043
32062
32077
32091
32108
32126
32144
32163
32182
32201
32218
32228
32239
32256
32270
32284
32302
32320
32337
32350
32360
32373
32386
32399