0
56
112
168
224
280
336
434
532
588
644
700
756
854
952
1008
1064
1120
1176
1274
1372
1428
1484
1540
1596
1694
1792
1848
1904
1960
2016
2114
2212
2268
2324
2380
2436
2534
2632
2687
2743
2799
2854
2952
3050
3106
3162
3218
3274
3372
3470
3526
3582
3638
3694
3792
3890
3946
4002
4058
4114
4212
4310
4366
4422
4478
4534
4632
4730
4786
4842
4898
4954
5051
5148
5204
5260
5316
5372
5470
5568
5624
5680
5736
5792
5890
5988
6044
6100
6156
6212
6310
6408
6464
6520
6576
6632
6730
6828
6884
6940
6996
7052
7150
7248
7304
7360
7416
7472
7570
7668
7724
7780
7836
7892
7990
8088
8144
8200
8256
8312
8410
8508
8564
8620
8676
8732
8830
8928
8984
9040
9096
9152
9208
9264
9296
9328
9360
9392
9424
9456
9512
9568
9600
9632
9664
9696
9752
9808
9840
9872
9904
9936
9992
10048
10080
10112
10144
10176
10232
10288
10320
10352
10384
10416
10472
10528
10560
10592
10624
10656
10712
10768
10800
10832
10864
10896
10952
11008
11040
11072
11104
11136
11192
11248
11280
11312
11344
11376
11432
11488
11520
11552
11584
11616
11672
11728
11760
11792
11824
11856
11912
11968
12000
12032
12064
12096
12152
12208
12240
12272
12304
12336
12392
12448
12480
12512
12544
12576
12632
12688
12720
12752
12784
12816
12872
12928
12960
12992
13024
13056
13112
13167
13199
13231
13263
13295
13351
13407
13439
13471
13503
13535
13591
13647
13679
13711
13743
13775
13831
13887
13919
13951
13983
14015
14071
14127
14159
14191
14223
14255
14311
14367
14399
14431
14463
14495
14527
14559
14591
14623
14655
14687
14719
14751
14807
14863
14895
14927
14959
14991
15047
15103
15135
15167
15199
15231
15287
15343
15375
15407
15439
15471
15527
15583
15615
15647
15679
15711
15767
15823
15855
15887
15919
15951
16007
16063
16095
16127
16159
16191
16247
16303
16335
16367
16399
16431
16487
16543
16575
16607
16639
16671
16727
16783
16815
16847
16879
16911
16967
17023
17055
17087
17119
17151
17207
17263
17295
17327
17359
17391
17447
17503
17535
17567
17599
17631
17687
17743
17775
17807
17839
17871
17927
17983
18015
18047
18079
18111
18167
18223
18255
18287
18319
18351
18406
18462
18494
18526
18558
18590
18646
18702
18734
18766
18798
18830
18886
18942
18974
19006
19038
19070
19126
19182
19214
19246
19278
19310
19366
19422
19454
19486
19518
19550
19606
19662
19694
19726
19758
19790
19822
19854
19910
19966
20022
20078
20134
20190
20288
20386
20442
20498
20554
20610
20708
20806
20862
20918
20974
21030
21128
21226
21282
21338
21394
21450
21548
21646
21702
21758
21814
21870
21968
22066
22122
22178
22234
22290
22388
22486
22542
22598
22654
22710
22808
22906
22962
23018
23074
23130
23228
23326
23382
23438
23494
23550
23648
23746
23802
23858
23914
23970
24068
24166
24222
24278
24334
24390
24487
24585
24641
24697
24753
24809
24907
25005
25061
25117
25173
25229
25327
25425
25481
25537
25593
25649
25747
25845
25901
25957
26013
26069
26167
26265
26321
26377
26433
26489
26587
26685
26741
26797
26853
26909
27007
27105
27161
27217
27273
27329
27427
27525
27581
27637
27693
27749
27847
27945
28001
28057
28113
28169
28267
28365
28421
28477
28533
28589
28687
28785
28841
28897
28953
29009
29065
29121
29153
29185
29217
29249
29281
29313
29369
29425
29457
29489
29521
29553
29609
29665
29697
29729
29761
29793
29849
29905
29937
29969
30001
30033
30089
30145
30177
30209
30241
30273
30329
30385
30417
30449
30481
30513
30569
30624
30656
30688
30720
30752
30808
30864
30896
30928
30960
30992
31048
31104
31136
31168
31200
31232
31288
31344
31376
31408
31440
31472
31528
31584
31616
31648
31680
31712
31768
31823
31855
31887
31919
31951
32007
32063
32095
32127
32159
32191
32247
32303
32335
32367
32399
32431
32487
32543
32575
32607
32639
32671
32727
32783
32815
32847
32879
32911
32967
33023
33055
33087
33119
33151
33207
33263
33295
33327
33359
33391
33447
33503
33535
33567
33599
33631
33687
33743
33775
33807
33839
33871
33927
33983
34015
34047
34079
34111
34167
34223
34255
34287
34319
34351
34383
34415
34447
34479
34511
34543
34575
34607
34663
34719
34751
34783
34815
34847
34903
34959
34991
35023
35055
35087
35143
35199
35231
35263
35295
35327
35383
35439
35471
35503
35535
35567
35623
35679
35711
35743
35775
35807
35862
35918
35950
35982
36014
36046
36102
36158
36190
36222
36254
36286
36342
36398
36430
36462
36494
36526
36582
36638
36670
36702
36734
36766
36822
36878
36910
36942
36974
37006
37062
37118
37150
37182
37214
37246
37302
37358
37390
37422
37454
37486
37542
37598
37630
37662
37694
37726
37782
37838
37870
37902
37934
37966
38022
38078
38110
38142
38174
38206
38262
38318
38350
38382
38414
38446
38502
38558
38590
38622
38654
38686
38742
38798
38830
38862
38894
38926
38982
39038
39070
39102
39134
39166
39222
39278
39310
39342
39374
39406
39462
39518
39550
39582
39614
39646
39678
39710
39766
39822
39878
39934
39990
40046
40144
40242
40298
40354
40410
40466
40564
40662
40718
40774
40830
40886
40984
41082
41138
41194
41250
41306
41404
41502
41558
41614
41670
41726
41824
41922
41978
42034
42090
42146
42244
42342
42398
42454
42510
42566
42664
42762
42818
42874
42930
42986
43084
43182
43238
43294
43350
43406
43504
43602
43658
43714
43770
43826
43924
44022
44078
44134
44190
44246
44344
44442
44498
44554
44610
44666
44764
44862
44917
44973
45029
45085
45183
45280
45336
45392
45448
45504
45602
45700
45756
45812
45868
45924
46022
46120
46176
46232
46288
46344
46442
46540
46596
46652
46708
46764
46862
46960
47016
47072
47128
47184
47282
47380
47436
47492
47548
47604
47702
47800
47856
47912
47968
48024
48122
48220
48276
48332
48388
48444
48542
48640
48696
48752
48808
48864
48920
48976
49008
49040
49072
49104
49136
49168
49224
49280
49312
49344
49376
49408
49464
49520
49552
49584
49616
49648
49704
49760
49792
49824
49856
49888
49944
50000
50032
50064
50096
50128
50184
50240
50272
50304
50336
50368
50424
50480
50512
50544
50576
50608
50664
50720
50752
50784
50816
50848
50903
50959
50991
51023
51055
51087
51143
51199
51231
51263
51295
51327
51383
51439
51471
51503
51535
51567
51622
51678
51710
51742
51774
51805
51861
51917
51949
51981
52013
52045
52101
52157
52189
52221
52253
52285
52341
52397
52429
52461
52492
52524
52580
52636
52668
52700
52732
52764
52820
52876
52908
52940
52972
53004
53060
53116
53148
53180
53212
53244
53300
53356
53388
53420
53452
53484
53540
53596
53628
53660
53692
53724
53780
53836
53868
53900
53932
53964
54020
54076
54108
54140
54172
54204
54236
54268
54300
54332
54364
54396
54428
54460
54516
54572
54604
54636
54668
54700
54756
54812
54844
54876
54908
54940
54996
55052
55084
55116
55148
55180
55236
55292
55324
55356
55388
55420
55476
55532
55564
55596
55628
55660
55716
55772
55804
55836
55868
55900
55956
56012
56044
56076
56108
56140
56196
56251
56283
56315
56347
56379
56435
56491
56523
56555
56587
56619
56675
56731
56763
56795
56827
56859
56915
56971
57003
57035
57067
57099
57155
57211
57243
57275
57307
57339
57395
57451
57483
57515
57547
57579
57635
57691
57723
57755
57787
57819
57875
57931
57963
57995
58027
58059
58115
58171
58203
58235
58267
58299
58355
58411
58443
58475
58507
58539
58595
58651
58683
58715
58747
58779
58835
58891
58923
58955
58987
59019
59075
59131
59163
59195
59227
59259
59315
59371
59403
59435
59467
59499
59531
59563
59619
59675
59731
59787
59843
59899
59997
60095
60151
60207
60263
60319
60417
60515
60571
60627
60683
60739
60837
60935
60991
61047
61103
61159
61257
61355
61411
61467
61523
61579
61677
61775
61831
61887
61943
61999
62097
62195
62251
62307
62363
62419
62517
62615
62671
62727
62783
62839
62937
63035
63091
63147
63203
63259
63357
63455
63511
63567
63623
63679
63777
63875
63931
63986
64042
64098
64195
64293
64349
64405
64461
64517
64615
64713
64769
64825
64881
64937
65035
65133
65189
65245
65301
65357
65455
65553
65609
65665
65721
65776
65874
65972
66028
66084
66140
66196
66294
66392
66448
66504
66560
66616
66714
66812
66868
66924
66980
67036
67134
67232
67288
67344
67400
67456
67554
67652
67708
67764
67820
67876
67974
68072
68128
68184
68240
68296
68394
68492
68548
68604
68660
68716
68772
68828
68860
68892
68924
68956
68988
69020
69076
69132
69164
69196
69228
69260
69316
69372
69404
69436
69468
69500
69556
69612
69644
69676
69708
69740
69796
69852
69884
69916
69948
69980
70036
70092
70124
70156
70188
70220
70276
70332
70364
70396
70428
70460
70516
70572
70604
70636
70668
70700
70756
70812
70844
70876
70908
70940
70996
71052
71084
71116
71148
71180
71236
71292
71324
71356
71388
71420
71476
71532
71564
71596
71628
71660
71715
71771
71803
71835
71867
71899
71955
72011
72043
72075
72107
72139
72195
72251
72283
72315
72347
72379
72435
72491
72523
72555
72587
72619
72675
72731
72763
72795
72827
72859
72915
72971
73003
73035
73067
73099
73155
73211
73243
73275
73307
73339
73395
73451
73483
73515
73547
73579
73635
73691
73723
73755
73787
73819
73875
73931
73963
73995
74027
74059
74091
74123
74155
74187
74219
74251
74283
74315
74371
74427
74459
74491
74523
74555
74611
74667
74699
74731
74763
74795
74851
74907
74939
74971
75003
75035
75091
75147
75179
75211
75243
75275
75331
75387
75419
75451
75483
75515
75571
75627
75659
75691
75723
75755
75811
75867
75899
75931
75963
75995
76051
76107
76139
76171
76203
76235
76291
76347
76379
76411
76443
76475
76531
76587
76619
76650
76682
76714
76769
76825
76857
76889
76921
76953
77009
77065
77097
77129
77161
77193
77249
77305
77337
77369
77401
77433
77489
77545
77577
77609
77641
77673
77729
77785
77817
77849
77881
77913
77969
78025
78057
78089
78121
78153
78209
78265
78297
78329
78361
78393
78449
78505
78537
78569
78601
78633
78689
78745
78777
78809
78841
78873
78929
78985
79017
79049
79081
79113
79169
79225
79257
79289
79321
79353
79385
79417
79473
79529
79585
79641
79697
79753
79851
79949
80005
80061
80117
80173
80271
80369
80425
80481
80537
80593
80691
80789
80845
80901
80957
81013
81111
81209
81265
81321
81377
81433
81531
81629
81685
81741
81797
81853
81951
82049
82105
82161
82217
82273
82371
82469
82525
82581
82637
82693
82791
82889
82945
83001
83057
83113
83211
83309
83365
83421
83477
83533
83631
83729
83785
83841
83897
83953
84051
84149
84205
84261
84317
84373
84471
84568
84624
84680
84736
84792
84890
84988
85044
85100
85156
85212
85310
85408
85464
85520
85576
85632
85730
85828
85884
85940
85996
86052
86150
86248
86304
86360
86416
86472
86570
86668
86724
86780
86836
86892
86990
87088
87144
87200
87256
87312
87410
87508
87564
87620
87676
87732
87830
87928
87984
88040
88096
88152
88250
88348
88404
88460
88516
88572
88628
88684
88716
88748
88780
88812
88844
88876
88932
88988
89020
89052
89084
89116
89172
89228
89260
89292
89324
89356
89412
89468
89500
89532
89564
89596
89652
89708
89740
89772
89804
89836
89892
89948
89980
90012
90044
90076
90132
90188
90220
90252
90284
90316
90372
90428
90460
90492
90524
90556
90612
90668
90700
90732
90764
90796
90852
90908
90940
90972
91004
91036
91092
91148
91180
91212
91244
91276
91331
91387
91419
91451
91483
91515
91571
91627
91659
91691
91723
91755
91811
91867
91899
91931
91963
91995
92051
92107
92139
92171
92203
92235
92291
92347
92379
92411
92443
92474
92530
92586
92618
92650
92682
92714
92770
92826
92858
92890
92922
92954
93010
93066
93098
93130
93162
93194
93250
93306
93338
93370
93402
93434
93490
93546
93578
93610
93642
93674
93729
93785
93817
93849
93881
93913
93945
93977
94009
94041
94073
94105
94137
94169
94225
94281
94313
94345
94377
94409
94465
94521
94553
94585
94617
94649
94705
94761
94793
94825
94857
94889
94945
95001
95033
95065
95097
95129
95185
95241
95273
95305
95337
95369
95425
95481
95513
95545
95577
95609
95665
95721
95753
95785
95817
95849
95905
95961
95993
96025
96057
96089
96145
96201
96233
96265
96297
96329
96385
96441
96473
96505
96537
96569
96625
96680
96712
96744
96776
96808
96864
96920
96952
96984
97016
97048
97104
97160
97192
97224
97256
97288
97344
97400
97432
97464
97496
97528
97584
97640
97672
97704
97736
97768
97824
97880
97912
97944
97976
98008
98064
98120
98152
98184
98216
98248
98304
98360
98392
98424
98456
98488
98544
98600
98632
98664
98696
98728
98784
98840
98872
98904
98936
98968
99024
99080
99112
99144
99176
99208
99240
99272
99328
99384
99440
99496
99552
99608
99706
99804
99860
99916
99972
100028
100126
100224
100280
100336
100392
100448
100546
100644
100700
100756
100812
100868
100966
101064
101120
101176
101232
101288
101386
101484
101540
101596
101652
101708
101806
101904
101960
102016
102072
102128
102226
102324
102380
102436
102492
102547
102645
102743
102799
102855
102911
102967
103065
103163
103219
103275
103331
103387
103485
103583
103639
103695
103751
103807
103904
104001
104057
104113
104169
104225
104323
104421
104477
104533
104589
104645
104742
104840
104896
104952
105008
105064
105162
105259
105315
105371
105427
105483
105581
105679
105735
105791
105846
105902
106000
106098
106154
106210
106266
106322
106420
106518
106574
106630
106686
106742
106840
106938
106994
107050
107106
107162
107260
107358
107414
107470
107526
107582
107680
107778
107834
107890
107946
108002
108100
108197
108253
108309
108365
108421
108477
108533
108565
108597
108629
108661
108693
108725
108781
108837
108869
108901
108933
108965
109021
109077
109109
109141
109173
109205
109261
109317
109349
109381
109413
109445
109501
109557
109589
109621
109653
109685
109741
109797
109829
109861
109893
109925
109981
110037
110069
110101
110133
110165
110221
110277
110309
110341
110373
110405
110461
110517
110549
110581
110613
110645
110701
110757
110789
110821
110853
110885
110941
110997
111029
111061
111093
111125
111181
111237
111269
111301
111333
111365
111421
111477
111509
111541
111573
111605
111661
111717
111749
111781
111813
111845
111901
111957
111989
112021
112053
112085
112141
112197
112229
112261
112293
112325
112381
112437
112469
112501
112533
112565
112621
112677
112709
112741
112773
112805
112861
112917
112949
112981
113013
113045
113101
113157
113189
113221
113253
113285
113341
113397
113429
113461
113493
113525
113581
113637
113669
113701
113733
113765
113797
113829
113861
113893
113925
113957
113989
114021
114077
114133
114165
114197
114229
114261
114317
114373
114405
114437
114469
114501
114557
114613
114645
114677
114709
114741
114797
114853
114885
114917
114949
114981
115037
115093
115125
115157
115189
115221
115277
115333
115365
115397
115429
115461
115517
115573
115605
115637
115668
115700
115756
115812
115844
115876
115908
115940
115996
116052
116084
116116
116148
116180
116236
116292
116324
116356
116388
116420
116476
116532
116564
116596
116628
116660
116716
116772
116804
116836
116868
116900
116956
117012
117044
117076
117108
117140
117196
117252
117284
117316
117348
117380
117436
117492
117524
117556
117588
117620
117676
117732
117764
117796
117828
117860
117916
117972
118004
118036
118068
118100
118156
118212
118244
118276
118308
118340
118396
118452
118484
118516
118548
118580
118636
118692
118724
118756
118788
118820
118876
118932
118964
118996
119028
119060
119092
119124
119180
119236
119292
119348
119404
119460
119558
119656
119712
119768
119824
119880
119978
120076
120132
120188
120244
120300
120398
120496
120552
120608
120664
120720
120818
120916
120972
121028
121084
121140
121238
121336
121392
121448
121504
121560
121658
121756
121812
121868
121924
121980
122078
122176
122232
122288
122344
122400
122498
122596
122652
122708
122764
122820
122918
123016
123072
123128
123184
123240
123337
123434
123490
123546
123602
123658
123756
123854
123910
123966
124022
124078
124176
124274
124330
124386
124442
124498
124596
124694
124750
124806
124862
124918
125016
125114
125170
125226
125282
125338
125436
125534
125590
125646
125702
125758
125856
125954
126010
126066
126122
126178
126276
126374
126430
126486
126542
126598
126696
126794
126850
126906
126962
127018
127116
127214
127270
127326
127381
127437
127535
127632
127688
127744
127800
127856
127954
128052
128108
128164
128220
128276
128332
128388
128412
128436
128460
128484
128508
128532
128574
128616
128640
128664
128688
128712
128754
128796
128820
128844
128868
128892
128934
128976
129000
129024
129048
129072
129114
129156
129180
129204
129228
129252
129294
129336
129360
129384
129408
129432
129474
129516
129540
129564
129588
129612
129654
129696
129720
129744
129768
129792
129834
129876
129900
129924
129948
129972
130014
130056
130080
130104
130128
130152
130194
130236
130260
130284
130308
130332
130374
130416
130440
130464
130488
130512
130554
130596
130620
130644
130668
130692
130734
130776
130800
130824
130848
130872
130914
130956
130980
131004
131028
131052
131094
131136
131160
131184
131208
131232
131274
131316
131340
131364
131388
131412
131454
131496
131520
131544
131568
131592
131634
131676
131700
131724
131748
131772
131814
131856
131880
131904
131928
131952
131994
132036
132060
132084
132108
132132
132174
132216
132240
132264
132288
132312
132336
132360
132384
132408
132432
132456
132480
132504
132546
132588
132612
132636
132660
132684
132726
132768
132792
132816
132840
132864
132906
132948
132972
132996
133020
133044
133086
133128
133152
133176
133200
133224
133266
133308
133332
133356
133380
133404
133446
133488
133512
133536
133560
133584
133626
133668
133692
133716
133740
133764
133806
133848
133872
133896
133920
133944
133986
134028
134052
134076
134100
134124
134166
134208
134232
134256
134280
134304
134346
134388
134412
134436
134460
134484
134526
134568
134592
134616
134640
134664
134706
134748
134772
134796
134820
134844
134886
134928
134952
134976
135000
135024
135066
135108
135132
135156
135180
135204
135246
135288
135312
135336
135360
135384
135426
135468
135492
135516
135540
135564
135606
135648
135672
135696
135720
135744
135786
135828
135852
135876
135900
135924
135966
136008
136032
136056
136080
136104
136146
136188
136212
136236
136260
136284
136308
136332
136380
136428
136476
136524
136572
136620
136704
136788
136836
136884
136932
136980
137064
137148
137196
137244
137292
137340
137424
137508
137556
137604
137652
137700
137784
137868
137916
137964
138012
138060
138144
138228
138276
138324
138372
138420
138504
138588
138636
138684
138732
138780
138864
138948
138996
139044
139092
139140
139224
139308
139356
139404
139452
139500
139584
139668
139716
139764
139812
139860
139944
140028
140076
140124
140172
140220
140304
140388
140436
140484
140532
140580
140664
140748
140796
140844
140892
140940
141024
141108
141156
141204
141252
141300
141384
141468
141516
141564
141612
141660
141744
141828
141876
141924
141972
142020
142104
142188
142236
142284
142332
142380
142464
142548
142596
142644
142692
142740
142824
142908
142956
143004
143052
143100
143184
143267
143315
143363
143411
143459
143543
143627
143675
143723
143771
143819
143903
143987
144035
144083
144131
144179
144227
144275
144307
144339
144371
144403
144435
144467
144523
144579
144611
144643
144675
144707
144763
144819
144851
144883
144915
144947
145003
145059
145091
145123
145155
145187
145243
145299
145331
145363
145395
145427
145483
145539
145571
145603
145635
145667
145723
145779
145811
145843
145875
145907
145963
146019
146051
146083
146115
146147
146203
146259
146291
146323
146355
146387
146443
146499
146531
146563
146595
146627
146683
146739
146771
146803
146835
146867
146923
146979
147011
147043
147075
147107
147163
147219
147251
147283
147315
147347
147403
147459
147491
147523
147555
147587
147643
147699
147731
147763
147795
147827
147883
147939
147971
148003
148035
148067
148123
148179
148211
148243
148275
148307
148363
148419
148451
148483
148515
148547
148603
148659
148691
148723
148755
148787
148843
148899
148931
148963
148995
149027
149083
149139
149171
149203
149235
149267
149323
149379
149411
149443
149475
149507
149539
149571
149603
149635
149667
149699
149731
149763
149819
149875
149907
149939
149971
150003
150059
150115
150147
150179
150211
150243
150299
150355
150387
150419
150451
150483
150539
150595
150627
150659
150691
150723
150779
150835
150867
150899
150931
150963
151019
151075
151107
151139
151171
151203
151259
151315
151347
151379
151411
151443
151499
151555
151587
151619
151651
151683
151739
151795
151827
151859
151891
151923
151979
152035
152067
152099
152131
152163
152219
152275
152307
152339
152371
152403
152459
152515
152547
152579
152611
152643
152699
152755
152787
152819
152851
152883
152939
152995
153027
153059
153091
153123
153179
153235
153267
153299
153331
153363
153419
153475
153507
153539
153571
153603
153659
153715
153747
153779
153811
153843
153899
153955
153987
154019
154051
154083
154138
154194
154226
154258
154290
154322
154378
154434
154466
154498
154530
154562
154618
154674
154706
154738
154770
154802
154834
154866
154922
154978
155034
155090
155146
155202
155300
155398
155454
155510
155566
155622
155720
155818
155874
155930
155986
156042
156140
156238
156294
156350
156406
156462
156560
156658
156714
156770
156826
156882
156980
157078
157134
157190
157246
157302
157400
157498
157554
157610
157666
157722
157820
157918
157974
158030
158086
158142
158240
158338
158394
158450
158506
158562
158660
158758
158814
158870
158926
158982
159080
159178
159234
159290
159346
159402
159500
159598
159654
159710
159766
159822
159920
160018
160074
160130
160186
160242
160340
160438
160494
160550
160606
160662
160760
160858
160914
160970
161026
161082
161180
161278
161334
161390
161446
161502
161600
161698
161754
161810
161866
161922
162020
162118
162174
162230
162286
162342
162440
162538
162594
162650
162706
162762
162860
162958
163014
163070
163126
163182
163280
163378
163434
163490
163546
163602
163700
163798
163854
163910
163966
164022
164078
164134
164166
164198
164230
164262
164294
164326
164382
164438
164470
164502
164534
164566
164622
164678
164710
164742
164774
164806
164862
164918
164950
164982
165014
165046
165102
165158
165190
165222
165254
165286
165342
165398
165430
165462
165494
165526
165582
165638
165670
165702
165734
165766
165822
165878
165910
165942
165974
166006
166062
166118
166150
166182
166214
166246
166302
166358
166390
166422
166454
166486
166542
166598
166630
166662
166694
166726
166782
166838
166870
166902
166934
166966
167022
167078
167110
167142
167174
167206
167262
167318
167350
167382
167414
167446
167502
167558
167590
167622
167654
167686
167742
167798
167830
167862
167894
167926
167982
168038
168070
168102
168134
168166
168222
168278
168310
168342
168374
168406
168462
168518
168550
168582
168614
168646
168702
168758
168790
168822
168854
168886
168942
168998
169030
169062
169094
169126
169182
169238
169270
169302
169334
169366
169398
169430
169462
169494
169526
169558
169590
169622
169678
169733
169765
169797
169829
169861
169917
169973
170005
170037
170069
170101
170157
170213
170245
170277
170309
170341
170397
170453
170485
170517
170549
170581
170637
170693
170725
170757
170789
170821
170877
170933
170965
170997
171029
171061
171117
171173
171205
171237
171269
171301
171357
171413
171445
171477
171509
171541
171597
171653
171685
171717
171749
171781
171837
171893
171925
171957
171989
172021
172077
172133
172165
172197
172229
172261
172317
172373
172405
172437
172469
172501
172557
172613
172645
172677
172709
172741
172797
172853
172885
172917
172949
172981
173037
173093
173125
173157
173189
173221
173277
173333
173365
173397
173429
173461
173517
173573
173605
173637
173669
173701
173757
173813
173845
173877
173909
173941
173997
174053
174085
174117
174149
174181
174237
174293
174325
174357
174389
174421
174477
174533
174565
174597
174629
174661
174693
174725
174781
174837
174893
174949
175005
175061
175158
175256
175312
175368
175424
175480
175578
175676
175732
175788
175844
175900
175998
176096
176152
176208
176264
176320
176418
176516
176572
176628
176684
176740
176838
176936
176992
177048
177104
177160
177258
177356
177412
177468
177524
177580
177678
177776
177832
177888
177944
178000
178098
178196
178252
178308
178364
178420
178518
178616
178672
178728
178784
178840
178938
179036
179092
179148
179204
179260
179358
179456
179512
179568
179624
179680
179778
179876
179932
179988
180044
180100
180198
180296
180352
180408
180464
180520
180618
180716
180772
180828
180884
180940
181038
181136
181192
181248
181304
181360
181458
181556
181612
181668
181724
181780
181878
181976
182032
182088
182144
182200
182298
182396
182452
182508
182564
182620
182718
182816
182872
182928
182984
183040
183138
183236
183292
183348
183404
183460
183558
183656
183712
183768
183824
183880
183936
183992
184024
184056
184088
184120
184152
184184
184240
184296
184328
184360
184392
184424
184480
184536
184568
184600
184632
184664
184720
184776
184808
184840
184872
184904
184960
185016
185048
185080
185112
185144
185200
185256
185288
185320
185352
185384
185440
185496
185528
185560
185592
185624
185680
185736
185768
185800
185832
185864
185920
185976
186008
186040
186072
186104
186160
186216
186248
186280
186312
186344
186400
186456
186488
186520
186552
186584
186640
186696
186728
186760
186792
186824
186880
186936
186968
187000
187032
187064
187120
187176
187208
187240
187272
187304
187360
187416
187448
187480
187512
187544
187600
187656
187688
187720
187752
187784
187840
187896
187928
187960
187992
188024
188080
188136
188168
188200
188232
188264
188320
188376
188408
188440
188472
188504
188560
188616
188648
188680
188712
188744
188800
188856
188888
188920
188952
188984
189040
189096
189128
189160
189192
189224
189256
189288
189320
189352
189384
189416
189448
189480
189536
189592
189624
189656
189688
189720
189776
189832
189864
189896
189928
189960
190016
190072
190104
190136
190168
190200
190256
190312
190344
190376
190408
190440
190496
190552
190584
190616
190648
190680
190736
190792
190824
190856
190888
190920
190976
191032
191064
191096
191128
191160
191216
191272
191304
191336
191368
191400
191456
191512
191544
191576
191608
191640
191696
191752
191784
191815
191846
191878
191934
191990
192022
192054
192086
192118
192174
192230
192262
192294
192326
192358
192414
192470
192502
192534
192566
192598
192654
192710
192742
192774
192806
192838
192894
192950
192982
193014
193046
193078
193134
193190
193222
193254
193286
193318
193374
193430
193462
193494
193526
193558
193614
193670
193702
193734
193766
193798
193854
193910
193942
193974
194006
194038
194094
194150
194182
194214
194246
194278
194334
194390
194422
194454
194486
194518
194550
194582
194638
194694
194750
194806
194862
194918
195016
195114
195170
195226
195282
195338
195436
195534
195590
195646
195702
195758
195856
195954
196010
196066
196122
196178
196276
196374
196430
196486
196542
196598
196696
196794
196850
196906
196962
197018
197116
197214
197270
197326
197382
197438
197536
197634
197690
197746
197802
197858
197956
198054
198110
198166
198222
198278
198376
198474
198530
198586
198642
198698
198796
198894
198950
199006
199062
199118
199216
199314
199370
199426
199482
199538
199636
199734
199790
199846
199902
199958
200056
200154
200210
200266
200322
200378
200476
200574
200630
200686
200742
200798
200896
200994
201050
201106
201162
201218
201316
201414
201470
201526
201582
201638
201736
201834
201890
201946
202002
202058
202156
202254
202310
202366
202422
202478
202576
202674
202730
202786
202842
202898
202996
203094
203150
203206
203262
203318
203416
203514
203570
203626
203682
203738
203794
203850
203882
203914
203946
203978
204010
204042
204098
204154
204186
204218
204250
204282
204338
204394
204426
204458
204490
204522
204578
204634
204666
204698
204730
204762
204818
204874
204906
204938
204970
205002
205058
205114
205146
205178
205210
205242
205298
205354
205386
205418
205450
205482
205538
205594
205626
205658
205690
205722
205778
205834
205866
205898
205930
205962
206018
206074
206106
206138
206170
206202
206258
206314
206346
206378
206410
206442
206498
206554
206586
206618
206650
206682
206738
206794
206826
206858
206890
206922
206978
207033
207065
207097
207129
207161
207217
207273
207305
207337
207369
207401
207457
207513
207545
207577
207609
207641
207697
207753
207785
207817
207849
207881
207937
207993
208025
208057
208089
208121
208177
208233
208265
208297
208329
208361
208417
208473
208505
208537
208569
208601
208657
208713
208745
208777
208809
208841
208897
208953
208985
209017
209049
209081
209113
209145
209177
209209
209241
209273
209305
209337
209393
209449
209481
209513
209545
209577
209633
209689
209721
209753
209785
209817
209873
209929
209961
209993
210025
210057
210113
210169
210201
210233
210265
210297
210353
210409
210441
210473
210505
210537
210593
210649
210681
210713
210745
210777
210833
210889
210921
210953
210985
211017
211073
211129
211161
211193
211225
211257
211313
211369
211401
211433
211465
211497
211553
211609
211641
211673
211705
211737
211793
211849
211881
211913
211945
211977
212033
212089
212121
212153
212185
212217
212272
212328
212360
212392
212424
212456
212512
212568
212600
212632
212664
212696
212752
212808
212840
212872
212904
212936
212992
213048
213080
213112
213144
213176
213232
213288
213320
213352
213384
213416
213472
213528
213560
213592
213624
213656
213712
213768
213800
213832
213864
213896
213952
214008
214040
214072
214104
214136
214192
214248
214280
214312
214344
214376
214408
214440
214496
214552
214608
214664
214720
214776
214874
214972
215028
215084
215140
215196
215294
215392
215448
215504
215560
215616
215714
215812
215868
215924
215980
216036
216134
216232
216288
216344
216400
216456
216554
216652
216708
216764
216820
216876
216974
217072
217128
217184
217240
217296
217394
217492
217548
217604
217660
217716
217814
217912
217968
218024
218080
218136
218234
218332
218388
218444
218500
218556
218654
218752
218808
218864
218920
218976
219073
219170
219226
219282
219338
219394
219492
219590
219646
219702
219758
219814
219912
220010
220066
220122
220178
220234
220332
220430
220486
220542
220598
220654
220752
220849
220905
220961
221017
221073
221170
221268
221324
221380
221436
221492
221590
221688
221744
221800
221856
221912
222010
222108
222164
222220
222276
222332
222430
222528
222584
222640
222696
222752
222850
222948
223004
223060
223116
223172
223270
223368
223424
223480
223536
223592
223648
223704
223736
223768
223800
223832
223864
223896
223952
224008
224040
224072
224104
224136
224192
224248
224280
224312
224344
224376
224432
224488
224520
224552
224584
224616
224672
224728
224760
224792
224824
224856
224912
224968
225000
225032
225064
225096
225152
225208
225240
225272
225304
225336
225392
225448
225480
225512
225543
225574
225630
225686
225718
225750
225782
225814
225870
225926
225958
225990
226022
226054
226110
226166
226198
226230
226262
226294
226350
226406
226438
226470
226502
226534
226590
226646
226678
226710
226742
226774
226830
226886
226918
226950
226982
227014
227070
227126
227158
227190
227222
227254
227310
227366
227398
227430
227462
227494
227550
227606
227638
227670
227702
227734
227790
227846
227878
227910
227942
227974
228030
228086
228118
228150
228182
228214
228270
228326
228358
228390
228422
228454
228510
228566
228598
228630
228662
228694
228750
228806
228838
228870
228902
228934
228966
228998
229030
229062
229094
229126
229158
229190
229246
229302
229334
229366
229398
229430
229486
229542
229574
229606
229638
229670
229726
229782
229814
229846
229878
229910
229966
230022
230054
230086
230118
230150
230206
230262
230294
230326
230358
230390
230446
230502
230534
230566
230598
230630
230686
230742
230774
230806
230838
230870
230926
230982
231014
231046
231078
231110
231166
231222
231254
231286
231318
231350
231406
231462
231494
231526
231558
231590
231646
231702
231734
231766
231798
231830
231886
231942
231974
232006
232038
232070
232126
232182
232214
232246
232278
232310
232366
232422
232454
232486
232518
232550
232606
232662
232694
232726
232758
232790
232846
232902
232934
232966
232998
233030
233086
233142
233174
233206
233238
233270
233326
233382
233414
233446
233478
233510
233566
233622
233654
233686
233718
233750
233806
233862
233894
233926
233958
233990
234046
234102
234134
234166
234198
234230
234262
234294
234326
234358
234390
234422
234454
234486
234542
234598
234630
234662
234694
234726
234781
234837
234869
234901
234933
234965
235021
235077
235109
235141
235173
235205
235261
235317
235349
235381
235413
235445
235501
235557
235589
235621
235653
235685
235741
235797
235829
235861
235893
235925
235981
236037
236069
236101
236133
236165
236221
236277
236309
236341
236373
236405
236461
236517
236549
236581
236613
236645
236701
236757
236789
236821
236853
236885
236941
236997
237029
237061
237093
237125
237181
237237
237269
237301
237333
237365
237421
237477
237509
237541
237573
237605
237661
237717
237749
237781
237813
237845
237901
237957
237989
238021
238053
238085
238141
238197
238229
238261
238293
238325
238381
238437
238469
238501
238533
238565
238621
238677
238709
238741
238773
238805
238861
238917
238949
238981
239013
239045
239101
239157
239189
239221
239253
239285
239341
239397
239429
239461
239493
239525
239557
239589
239621
239653
239685
239717
239749
239781
239837
239893
239925
239957
239989
240021
240077
240132
240164
240196
240228
240260
240316
240372
240404
240436
240468
240500
240556
240612
240644
240676
240708
240740
240796
240852
240884
240916
240948
240980
241036
241092
241124
241156
241188
241220
241276
241332
241364
241396
241428
241460
241516
241572
241604
241636
241668
241700
241756
241812
241844
241876
241908
241940
241996
242052
242084
242116
242148
242180
242236
242292
242324
242356
242388
242420
242475
242531
242563
242595
242627
242659
242715
242770
242802
242834
242866
242898
242954
243010
243042
243074
243106
243138
243194
243250
243282
243314
243346
243378
243434
243490
243522
243554
243586
243618
243674
243730
243762
243794
243826
243858
243914
243970
244002
244034
244066
244098
244154
244210
244242
244274
244306
244338
244394
244450
244482
244514
244546
244578
244634
244690
244722
244754
244786
244818
244850
244882
244938
244994
245050
245106
245162
245218
245316
245414
245470
245526
245582
245638
245736
245834
245890
245946
246002
246058
246156
246254
246310
246366
246422
246478
246576
246674
246730
246786
246842
246898
246996
247094
247150
247206
247262
247318
247416
247514
247570
247626
247682
247738
247836
247934
247990
248046
248102
248158
248256
248354
248410
248466
248522
248578
248676
248774
248830
248886
248942
248998
249096
249194
249250
249306
249362
249418
249516
249614
249670
249726
249782
249838
249936
250034
250090
250146
250202
250258
250356
250454
250510
250566
250622
250678
250776
250874
250930
250986
251042
251098
251196
251294
251350
251406
251462
251518
251616
251714
251770
251826
251882
251938
252036
252134
252190
252246
252302
252358
252456
252554
252610
252666
252722
252778
252876
252974
253030
253086
253142
253198
253296
253394
253450
253506
253562
253618
253716
253814
253870
253926
253982
254038
254094
254150
254182
254214
254246
254278
254310
254342
254398
254454
254486
254518
254550
254582
254638
254694
254725
254757
254789
254821
254877
254932
254964
254996
255028
255060
255116
255172
255204
255236
255268
255300
255356
255412
255444
255476
255508
255540
255596
255652
255684
255716
255748
255780
255836
255892
255924
255956
255988
256020
256076
256132
256164
256196
256228
256260
256316
256372
256404
256436
256468
256500
256556
256612
256644
256676
256708
256740
256796
256852
256884
256916
256948
256980
257036
257092
257124
257156
257188
257220
257276
257332
257364
257396
257428
257460
257516
257572
257604
257636
257668
257700
257756
257812
257844
257876
257908
257940
257996
258052
258084
258116
258148
258180
258236
258292
258324
258356
258388
258420
258476
258532
258564
258596
258628
258660
258716
258772
258804
258836
258868
258900
258956
259012
259044
259076
259108
259140
259196
259252
259284
259316
259348
259380
259412
259444
259476
259508
259540
259572
259604
259636
259692
259748
259780
259812
259844
259876
259932
259988
260020
260052
260084
260116
260172
260228
260260
260292
260324
260356
260412
260468
260500
260532
260564
260596
260652
260708
260740
260772
260804
260836
260892
260948
260980
261012
261044
261076
261132
261188
261220
261252
261284
261316
261372
261428
261460
261492
261524
261556
261612
261668
261700
261732
261764
261796
261852
261908
261940
261972
262004
262036
262092
262148
262180
262212
262244
262276
262332
262388
262420
262452
262484
262516
262572
262628
262660
262692
262724
262756
262812
262868
262900
262932
262964
262996
263052
263108
263140
263172
263204
263236
263292
263348
263380
263412
263444
263476
263532
263588
263620
263652
263684
263716
263772
263828
263860
263892
263924
263956
264012
264068
264100
264132
264164
264196
264252
264308
264340
264372
264404
264436
264492
264548
264580
264612
264644
264676
264708
264740
264796
264852
264908
264964
265020
265076
265174
265272
265328
265384
265440
265496
265594
265692
265748
265804
265860
265916
266014
266112
266168
266224
266280
266336
266434
266532
266588
266644
266700
266756
266854
266952
267008
267064
267120
267176
267274
267372
267428
267484
267540
267596
267694
267792
267848
267904
267960
268016
268114
268212
268268
268324
268380
268436
268534
268632
268688
268744
268800
268856
268954
269052
269108
269164
269220
269276
269374
269472
269528
269584
269640
269695
269793
269891
269947
270003
270059
270115
270213
270311
270367
270423
270479
270535
270633
270731
270787
270843
270899
270955
271053
271151
271207
271263
271319
271375
271473
271571
271627
271683
271739
271795
271893
271991
272047
272103
272159
272215
272313
272411
272467
272523
272579
272635
272733
272831
272887
272943
272999
273055
273153
273251
273307
273363
273419
273475
273573
273671
273727
273783
273839
273895
273951
274007
274039
274071
274103
274135
274167
274199
274255
274311
274343
274375
274407
274439
274495
274551
274583
274615
274647
274679
274735
274791
274823
274855
274887
274919
274975
275030
275062
275094
275126
275158
275214
275270
275302
275334
275366
275398
275454
275510
275542
275574
275606
275638
275694
275750
275782
275814
275846
275878
275934
275990
276022
276054
276086
276118
276174
276230
276262
276294
276326
276358
276414
276470
276502
276534
276566
276598
276654
276710
276742
276774
276806
276838
276894
276950
276982
277014
277046
277078
277134
277190
277222
277254
277286
277318
277374
277430
277462
277494
277526
277558
277614
277670
277702
277734
277766
277798
277854
277910
277942
277974
278006
278038
278094
278150
278182
278214
278246
278278
278334
278390
278422
278454
278486
278518
278574
278630
278662
278694
278726
278758
278814
278870
278902
278934
278966
278998
279054
279110
279142
279174
279206
279238
279270
279302
279334
279366
279398
279430
279462
279494
279550
279606
279638
279670
279702
279734
279790
279846
279878
279910
279942
279974
280030
280086
280118
280150
280182
280214
280270
280326
280358
280390
280422
280454
280510
280566
280598
280630
280662
280694
280750
280806
280838
280870
280902
280934
280990
281046
281078
281110
281142
281174
281230
281286
281318
281350
281382
281414
281470
281526
281558
281590
281622
281654
281710
281766
281798
281830
281862
281894
281950
282006
282038
282070
282102
282134
282190
282246
282278
282310
282342
282374
282430
282486
282518
282550
282582
282614
282670
282726
282758
282790
282822
282854
282910
282966
282998
283030
283062
283094
283150
283206
283238
283270
283302
283334
283390
283446
283478
283510
283542
283574
283630
283686
283718
283750
283782
283814
283870
283926
283958
283990
284022
284054
284110
284166
284198
284230
284262
284294
284350
284406
284438
284470
284502
284534
284566
284598
284654
284710
284766
284822
284878
284934
285032
285130
285186
285242
285298
285354
285452
285550
285606
285662
285718
285774
285872
285970
286026
286082
286138
286194
286291
286389
286445
286501
286557
286613
286711
286809
286865
286921
286977
287033
287131
287229
287285
287341
287397
287453
287551
287649
287705
287761
287817
287873
287971
288069
288125
288181
288237
288293
288391
288489
288545
288601
288657
288713
288811
288909
288965
289021
289077
289133
289231
289329
289385
289441
289496
289552
289650
289748
289804
289860
289916
289972
290070
290168
290224
290280
290336
290392
290490
290588
290644
290700
290756
290812
290910
291008
291064
291120
291176
291232
291330
291428
291484
291540
291596
291652
291750
291848
291904
291960
292016
292072
292170
292268
292324
292380
292436
292492
292590
292688
292744
292800
292856
292912
293010
293108
293164
293220
293276
293332
293430
293528
293584
293640
293696
293752
293808
293864
293896
293928
293960
293992
294024
294056
294112
294168
294200
294232
294264
294296
294352
294408
294440
294472
294504
294536
294592
294648
294680
294712
294744
294776
294832
294888
294920
294952
294984
295016
295072
295128
295160
295192
295224
295256
295312
295368
295400
295432
295464
295496
295552
295608
295640
295672
295704
295736
295792
295848
295880
295912
295944
295976
296032
296088
296120
296152
296184
296216
296272
296328
296360
296392
296424
296456
296512
296568
296600
296632
296664
296696
296752
296808
296840
296872
296904
296936
296992
297048
297080
297112
297144
297176
297232
297288
297320
297352
297384
297416
297472
297528
297560
297592
297624
297656
297712
297768
297800
297832
297864
297896
297952
298008
298040
298072
298104
298136
298192
298248
298280
298312
298344
298376
298432
298488
298520
298552
298584
298616
298672
298728
298760
298792
298824
298856
298912
298968
299000
299032
299064
299096
299128
299160
299192
299224
299256
299288
299320
299352
299408
299464
299496
299528
299560
299592
299648
299704
299736
299768
299800
299832
299888
299944
299976
300008
300040
300072
300128
300184
300216
300248
300280
300312
300368
300424
300456
300488
300520
300552
300608
300664
300696
300728
300760
300792
300848
300904
300936
300968
301000
301032
301088
301144
301176
301208
301240
301272
301328
301384
301416
301448
301480
301512
301568
301624
301656
301688
301720
301752
301808
301864
301896
301928
301960
301992
302048
302104
302136
302168
302200
302232
302288
302344
302376
302408
302440
302472
302528
302584
302616
302648
302680
302712
302768
302824
302856
302888
302920
302952
303008
303064
303096
303128
303160
303192
303248
303304
303336
303368
303400
303432
303488
303544
303576
303608
303640
303672
303728
303784
303816
303848
303880
303912
303968
304024
304056
304088
304120
304152
304208
304264
304296
304328
304360
304392
304424
304456
304512
304568
304624
304680
304736
304792
304890
304988
305044
305100
305156
305212
305310
305408
305464
305520
305576
305632
305730
305828
305884
305940
305996
306052
306150
306248
306304
306360
306416
306472
306570
306668
306724
306780
306836
306892
306990
307088
307144
307200
307256
307312
307410
307508
307564
307620
307676
307732
307830
307928
307984
308040
308096
308152
308250
308348
308404
308460
308516
308572
308670
308768
308824
308880
308936
308992
309090
309188
309244
309300
309356
309412
309510
309608
309664
309720
309776
309832
309930
310028
310083
310139
310195
310250
310348
310446
310502
310558
310614
310670
310768
310866
310922
310978
311034
311090
311188
311286
311342
311398
311454
311510
311608
311706
311762
311818
311874
311930
312028
312126
312182
312238
312294
312350
312448
312546
312602
312658
312714
312770
312868
312966
313022
313078
313134
313190
313288
313386
313442
313498
313554
313610
313666
313722
313754
313786
313818
313850
313882
313914
313970
314026
314058
314090
314122
314154
314210
314266
314298
314330
314362
314394
314450
314506
314538
314570
314602
314634
314690
314746
314778
314810
314842
314874
314930
314986
315018
315050
315082
315114
315170
315226
315258
315290
315322
315354
315410
315466
315498
315530
315562
315594
315650
315706
315738
315770
315802
315834
315890
315946
315978
316010
316042
316074
316130
316186
316218
316250
316282
316314
316370
316426
316458
316490
316522
316554
316610
316666
316698
316730
316762
316794
316850
316906
316938
316970
317002
317034
317090
317146
317178
317210
317242
317274
317330
317386
317418
317450
317482
317514
317570
317626
317658
317690
317722
317754
317810
317866
317898
317930
317962
317994
318050
318106
318138
318170
318202
318234
318290
318346
318378
318410
318442
318474
318530
318586
318618
318650
318682
318714
318770
318826
318858
318890
318922
318954
318986
319018
319050
319082
319114
319146
319178
319210
319266
319322
319354
319386
319418
319450
319506
319562
319594
319626
319658
319690
319746
319802
319834
319866
319898
319930
319986
320042
320074
320106
320138
320170
320226
320282
320314
320346
320378
320410
320466
320522
320554
320586
320618
320650
320706
320762
320794
320826
320858
320890
320946
321002
321034
321066
321098
321130
321186
321242
321274
321306
321338
321370
321426
321482
321514
321546
321578
321610
321666
321722
321754
321786
321818
321850
321906
321962
321994
322026
322058
322090
322146
322202
322234
322266
322298
322330
322386
322442
322474
322506
322538
322570
322626
322682
322714
322746
322778
322810
322866
322922
322954
322986
323018
323050
323106
323162
323194
323226
323258
323290
323346
323402
323434
323466
323498
323530
323586
323642
323674
323706
323738
323770
323826
323882
323914
323946
323978
324010
324066
324122
324154
324186
324218
324250
324282
324314
324362
324410
324458
324506
324554
324602
324686
324770
324818
324866
324914
324962
325046
325130
325178
325226
325274
325322
325406
325490
325538
325586
325634
325682
325766
325850
325898
325946
325994
326042
326126
326210
326258
326306
326354
326402
326486
326570
326618
326666
326714
326762
326846
326930
326978
327026
327074
327122
327206
327290
327338
327386
327434
327482
327566
327650
327698
327746
327794
327842
327926
328010
328058
328106
328154
328202
328286
328370
328418
328466
328514
328562
328646
328730
328778
328826
328874
328922
329006
329090
329138
329186
329234
329282
329366
329450
329498
329546
329594
329642
329726
329810
329858
329906
329954
330002
330086
330170
330218
330266
330314
330362
330446
330530
330578
330626
330674
330722
330806
330890
330938
330986
331034
331082
331166
331250
331298
331346
331394
331442
331526
331610
331658
331706
331754
331802
331886
331970
332018
332066
332114
332162
332210
332258
332282
332306
332330
332354
332378
332402
332444
332486
332510
332534
332558
332582
332624
332666
332690
332714
332738
332762
332804
332846
332870
332894
332918
332942
332984
333026
333050
333074
333098
333122
333164
333206
333230
333254
333278
333302
333344
333386
333410
333434
333458
333482
333524
333566
333590
333614
333638
333662
333704
333746
333770
333794
333818
333842
333884
333926
333950
333974
333998
334022
334064
334106
334130
334154
334178
334202
334244
334286
334310
334334
334358
334382
334424
334466
334490
334514
334538
334562
334604
334646
334670
334694
334718
334742
334784
334826
334850
334874
334898
334922
334964
335006
335030
335054
335078
335102
335144
335186
335210
335234
335258
335282
335324
335366
335390
335414
335438
335462
335504
335546
335570
335594
335618
335642
335684
335726
335750
335774
335798
335822
335864
335906
335930
335954
335978
336002
336044
336086
336110
336134
336158
336182
336206
336230
336254
336278
336302
336326
336350
336374
336416
336458
336482
336506
336530
336554
336596
336638
336662
336686
336710
336734
336776
336818
336842
336866
336890
336914
336956
336998
337022
337046
337070
337094
337136
337178
337202
337226
337250
337274
337316
337358
337382
337406
337430
337454
337496
337538
337562
337586
337610
337634
337676
337718
337742
337766
337790
337814
337856
337898
337922
337946
337970
337994
338036
338078
338102
338126
338150
338174
338216
338258
338282
338306
338330
338354
338396
338438
338462
338486
338510
338534
338576
338618
338642
338666
338690
338714
338756
338798
338822
338846
338869
338893
338935
338976
339000
339024
339048
339072
339114
339156
339180
339204
339228
339252
339294
339336
339360
339384
339408
339432
339474
339516
339540
339564
339588
339612
339654
339696
339720
339744
339768
339792
339834
339876
339900
339924
339948
339972
340014
340056
340080
340104
340128
340152
340176
340200