0
8
16
28
40
52
64
76
88
100
112
124
136
148
160
172
184
196
208
220
232
244
256
268
280
292
304
316
328
338
348
359
370
382
394
404
414
422
430
436
442
454
466
484
502
520
538
556
574
592
610
628
646
664
682
700
718
736
754
772
790
808
826
844
862
880
898
916
934
949
964
981
998
1016
1034
1049
1064
1077
1090
1100
1110
1122
1134
1152
1170
1188
1206
1224
1242
1260
1278
1296
1314
1332
1350
1368
1386
1404
1422
1440
1458
1476
1494
1512
1530
1548
1566
1584
1602
1617
1632
1649
1666
1684
1702
1717
1732
1745
1758
1768
1778
1790
1802
1820
1838
1856
1874
1892
1910
1928
1946
1964
1982
2000
2018
2036
2054
2072
2090
2108
2126
2144
2162
2180
2198
2215
2232
2249
2266
2283
2300
2317
2334
2351
2368
2385
2402
2419
2436
2448
2460
2472
2484
2502
2520
2538
2556
2574
2592
2610
2628
2646
2664
2682
2700
2718
2736
2754
2772
2790
2808
2826
2844
2862
2880
2898
2916
2933
2950
2966
2982
2998
3014
3031
3048
3063
3078
3092
3106
3116
3126
3138
3150
3168
3186
3204
3222
3240
3258
3276
3294
3312
3330
3348
3366
3384
3402
3420
3438
3456
3474
3492
3510
3528
3546
3563
3580
3598
3616
3632
3648
3666
3684
3701
3718
3735
3752
3769
3786
3798
3810
3822
3834
3852
3870
3888
3906
3924
3942
3960
3978
3996
4014
4032
4050
4068
4086
4104
4122
4140
4158
4176
4194
4212
4230
4248
4266
4284
4302
4317
4332
4349
4366
4383
4400
4415
4430
4444
4458
4468
4478
4490
4502
4520
4538
4556
4574
4592
4610
4628
4646
4664
4682
4700
4718
4736
4754
4772
4790
4808
4826
4844
4862
4880
4898
4915
4932
4950
4968
4984
5000
5018
5036
5053
5070
5087
5104
5121
5138
5150
5162
5174
5186
5204
5222
5240
5258
5276
5294
5312
5330
5348
5366
5384
5402
5420
5438
5456
5474
5492
5510
5527
5544
5562
5580
5597
5614
5632
5650
5666
5682
5700
5718
5734
5750
5768
5786
5804
5822
5834
5846
5858
5870
5888
5906
5924
5942
5960
5978
5996
6014
6032
6050
6068
6086
6104
6122
6140
6158
6176
6194
6212
6230
6248
6266
6284
6302
6320
6338
6353
6368
6385
6402
6419
6436
6452
6468
6484
6500
6512
6524
6536
6548
6566
6584
6602
6620
6638
6656
6673
6690
6707
6724
6742
6760
6778
6796
6814
6832
6850
6868
6886
6904
6922
6940
6958
6976
6994
7012
7027
7042
7059
7076
7094
7112
7129
7146
7163
7180
7192
7204
7216
7228
7246
7264
7282
7300
7318
7336
7353
7370
7387
7404
7422
7440
7458
7476
7494
7512
7530
7548
7566
7584
7602
7620
7637
7654
7671
7688
7705
7722
7739
7756
7774
7792
7810
7828
7845
7862
7874
7886
7898
7910
7928
7946
7964
7982
8000
8018
8035
8052
8069
8086
8104
8122
8140
8158
8176
8194
8212
8230
8248
8266
8284
8302
8318
8334
8350
8366
8384
8402
8418
8434
8451
8468
8484
8500
8516
8532
8544
8556
8568
8580
8598
8616
8634
8652
8670
8688
8706
8724
8742
8760
8778
8796
8814
8832
8850
8868
8886
8904
8922
8940
8958
8976
8993
9010
9027
9044
9061
9079
9095
9111
9129
9147
9164
9181
9199
9217
9229
9241
9253
9265
9283
9301
9319
9337
9355
9373
9391
9409
9427
9445
9463
9481
9499
9517
9535
9553
9571
9589
9607
9625
9643
9661
9679
9697
9714
9731
9748
9764
9781
9798
9816
9834
9851
9868
9885
9902
9914
9926
9938
9950
9968
9986
10004
10022
10040
10058
10076
10094
10112
10130
10148
10166
10184
10202
10220
10238
10256
10274
10292
10310
10328
10346
10363
10380
10397
10414
10431
10448
10466
10484
10502
10520
10537
10554
10569
10584
10596
10608
10620
10632
10650
10668
10686
10704
10722
10740
10758
10776
10794
10812
10830
10848
10866
10884
10902
10920
10938
10956
10974
10992
11010
11028
11044
11060
11077
11094
11111
11129
11146
11163
11180
11197
11214
11231
11248
11265
11277
11289
11301
11313
11331
11349
11367
11385
11403
11421
11439
11457
11475
11493
11511
11529
11547
11565
11583
11601
11619
11637
11655
11673
11691
11709
11727
11745
11761
11777
11795
11812
11828
11844
11860
11876
11892
11908
11925
11942
11954
11966
11978
11990
12008
12026
12044
12062
12080
12098
12116
12134
12152
12170
12188
12206
12224
12242
12260
12278
12296
12314
12332
12350
12368
12386
12403
12420
12437
12454
12471
12488
12505
12522
12539
12556
12573
12590
12606
12622
12634
12646
12658
12670
12688
12706
12724
12742
12760
12778
12796
12814
12832
12850
12868
12886
12904
12922
12940
12958
12976
12994
13012
13030
13048
13066
13083
13100
13117
13134
13150
13166
13184
13202
13219
13236
13254
13272
13290
13307
13319
13331
13343
13355
13373
13391
13409
13427
13445
13463
13481
13499
13517
13535
13553
13571
13589
13607
13625
13643
13661
13679
13697
13715
13733
13751
13768
13785
13802
13819
13834
13849
13866
13883
13900
13917
13935
13953
13970
13988
14000
14012
14024
14036
14054
14072
14090
14108
14126
14144
14162
14180
14198
14216
14234
14252
14270
14288
14306
14324
14342
14360
14378
14396
14414
14432
14450
14468
14486
14504
14519
14534
14551
14568
14586
14604
14622
14640
14657
14674
14685
14696
14708
14720
14738
14756
14774
14792
14810
14828
14846
14864
14882
14900
14918
14936
14954
14972
14990
15008
15026
15044
15062
15080
15097
15115
15133
15151
15169
15187
15202
15217
15234
15251
15269
15287
15305
15323
15341
15359
15371
15383
15391
15399
15411
15423
15435
15447
15459
15471
15483
15495
15507
15519
15531
15543
15555
15567
15579
15591
15603
15615
15627
15639
15651
15662
15674
15686
15698
15710
15721
15732
15744
15756
15768
15780
15792
15804
15816
15828
15836
15844