0
931
1862
2793
3724
4654
5584
6515
7641
8767
9893
11019
12144
13269
14395
15656
16917
18178
19439
20699
21959
23220
24469
25718
26967
28216
29464
30712
31961
33012
34063
35114
36165
37215
38265
39316
40229
41142
42055
42968
43880
44792
45705
46594
47483
48372
49261
50149
51037
51926
52719
53512
54305
55098
55890
56682
57475
58376
59277
60178
61079
61979
62879
63780
64891
66002
67113
68224
69334
70444
71555
72708
73861
75014
76167
77319
78471
79624
80885
82146
83407
84668
85928
87188
88449
89593
90737
91881
93025
94168
95311
96455
97656
98857
100058
101259
102459
103659
104860
106085
107310
108535
109760
110984
112208
113433
114664
115895
117126
118357
119587
120817
122048
123240
124432
125624
126816
128007
129198
130390
131516
132642
133768
134894
136019
137144
138270
139672
141074
142476
143878
145279
146680
148082
149559
151036
152513
153990
155466
156942
158419
160130
161841
163552
165263
166973
168683
170394
171994
173594
175194
176794
178393
179992
181592
183210
184828
186446
188064
189681
191298
192916
194159
195402
196645
197888
199130
200372
201615
202789
203963
205137
206311
207484
208657
209831
210942
212053
213164
214275
215385
216495
217606
218696
219786
220876
221966
223055
224144
225234
226306
227378
228450
229522
230593
231664
232736
233502
234268
235034
235800
236565
237330
238096
238787
239478
240169
240860
241550
242240
242931
243808
244685
245562
246439
247315
248191
249068
250224
251380
252536
253692
254847
256002
257158
258359
259560
260761
261962
263162
264362
265563
266788
268013
269238
270463
271687
272911
274136
275421
276706
277991
279276
280560
281844
283129
284207
285285
286363
287441
288518
289595
290673
292000
293327
294654
295981
297307
298633
299960
301113
302266
303419
304572
305724
306876
308029
309404
310779
312154
313529
314903
316277
317652
319138
320624
322110
323596
325081
326566
328052
329301
330550
331799
333048
334296
335544
336793
338069
339345
340621
341897
343172
344447
345723
347206
348689
350172
351655
353137
354619
356102
357372
358642
359912
361182
362451
363720
364990
365858
366726
367594
368462
369329
370196
371064
371088
371112
371136
371153
371170
371187
371211
371235
371259
371283
371307
371331
371348
371365
371382
371399
371416
371433
371450
371467
371484
371508
371532
371556
371573
371590
371607
371638
371669
371700
371717
371734
371751
371768
371785
371802
371819
371836
371853
371870
371887
371904
371921
371938
371955
371972
371989
372006
372023
372040
372057
372074
372091
372108
372125
372142
372159
372183
372207
372231
372248
372265
372282
372320
372358
372396
372413
372430
372447
372471
372495
372519
372550
372581
372612
372643
372674
372705
372736
372767
372798
372815
372832
372849
372880
372911
372942
372966
372990
373014
373052
373090
373128
373145
373162
373179
373203
373227
373251
373289
373327
373365
373403
373441
373479
373510
373541
373572
373596
373620
373644
373675
373706
373737
373768
373799
373830
373854
373878
373902
373933
373964
373995
374026
374057
374088
374119
374150
374181
374212
374243
374274
374312
374350
374388
374419
374450
374481
374519
374557
374595
374633
374671
374709
374747
374785
374823
374840
374857
374874
374905
374936
374967
374991
375015
375039
375056
375073
375090
375107
375124
375141
375158
375175
375192
375223
375254
375285
375323
375361
375399
375416
375433
375450
375481
375512
375543
375574
375605
375636
375667
375698
375729
375760
375791
375822
375860
375898
375936
375967
375998
376029
376046
376063
376080
376118
376156
376194
376232
376270
376308
376332
376356
376380
376418
376456
376494
376511
376528
376545
376576
376607
376638
376669
376700
376731
376755
376779
376803
376841
376879
376917
376948
376979
377010
377027
377044
377061
377099
377137
377175
377192
377209
377226
377257
377288
377319
377350
377381
377412
377450
377488
377526
377557
377588
377619
377657
377695
377733
377764
377795
377826
377843
377860
377877
377901
377925
377949
377966
377983
378000
378031
378062
378093
378124
378155
378186
378210
378234
378258
378275
378292
378309
378326
378343
378360
378384
378408
378432
378463
378494
378525
378542
378559
378576
378600
378624
378648
378686
378724
378762
378793
378824
378855
378893
378931
378969
379000
379031
379062
379079
379096
379113
379130
379147
379164
379195
379226
379257
379288
379319
379350
379374
379398
379422
379446
379470
379494
379511
379528
379545
379583
379621
379659
379683
379707
379731
379769
379807
379845
379862
379879
379896
379934
379972
380010
380027
380044
380061
380099
380137
380175
380213
380251
380289
380306
380323
380340
380378
380416
380454
380485
380516
380547
380564
380581
380598
380629
380660
380691
380729
380767
380805
380843
380881
380919
380936
380953
380970
380987
381004
381021
381045
381069
381093
381124
381155
381186
381203
381220
381237
381261
381285
381309
381333
381357
381381
381412
381443
381474
381505
381536
381567
381584
381601
381618
381649
381680
381711
381742
381773
381804
381835
381866
381897
381921
381945
381969
382000
382031
382062
382086
382110
382134
382165
382196
382227
382244
382261
382278
382309
382340
382371
382395
382419
382443
382467
382491
382515
382532
382549
382566
382583
382600
382617
382662
382707
382752
382769
382786
382803
382834
382865
382896
382927
382958
382989
383020
383051
383082
383113
383144
383175
383192
383209
383226
383243
383260
383277
383294
383311
383328
383352
383376
383400
383424
383448
383472
383524
383576
383628
383645
383662
383679
383724
383769
383814
383852
383890
383928
383966
384004
384042
384059
384076
384093
384124
384155
384186
384203
384220
384237
384275
384313
384351
384396
384441
384486
384510
384534
384558
384575
384592
384609
384626
384643
384660
384677
384694
384711
384749
384787
384825
384877
384929
384981
384998
385015
385032
385196
385360
385524
385569
385614
385659
385697
385735
385773
385937
386101
386265
386310
386355
386400
386431
386462
386493
386510
386527
386544
386561
386578
386595
386633
386671
386709
386866
387023
387180
387197
387214
387231
387248
387265
387282
387306
387330
387354
387399
387444
387489
387527
387565
387603
387662
387721
387780
387797
387814
387831
387848
387865
387882
387906
387930
387954
387978
388002
388026
388057
388088
388119
388150
388181
388212
388236
388260
388284
388308
388332
388356
388380
388404
388428
388466
388504
388542
388566
388590
388614
388652
388690
388728
388752
388776
388800
388824
388848
388872
388896
388920
388944
388968
388992
389016
389040
389064
389088
389112
389136
389160
389184
389208
389232
389256
389280
389304
389335
389366
389397
389428
389459
389490
389514
389538
389562
389586
389610
389634
389665
389696
389727
389758
389789
389820
389844
389868
389892
389979
390066
390153
390177
390201
390225
390256
390287
390318
390482
390646
390810
390834
390858
390882
391046
391210
391374
391419
391464
391509
391547
391585
391623
391647
391671
391695
391726
391757
391788
391819
391850
391881
391912
391943
391974
391998
392022
392046
392084
392122
392160
392191
392222
392253
392284
392315
392346
392377
392408
392439
392470
392501
392532
392577
392622
392667
392705
392743
392781
392812
392843
392874
392898
392922
392946
392984
393022
393060
393098
393136
393174
393205
393236
393267
393298
393329
393360
393391
393422
393453
393484
393515
393546
393570
393594
393618
393649
393680
393711
393735
393759
393783
393814
393845
393876
393907
393938
393969
393993
394017
394041
394065
394089
394113
394137
394161
394185
394209
394233
394257
394281
394305
394329
394360
394391
394422
394446
394470
394494
394518
394542
394566
394597
394628
394659
394683
394707
394731
394762
394793
394824
394855
394886
394917
394948
394979
395010
395041
395072
395103
395127
395151
395175
395199
395223
395247
395271
395295
395319
395343
395367
395391
395422
395453
395484
395515
395546
395577
395608
395639
395670
395694
395718
395742
395773
395804
395835
395866
395897
395928
395966
396004
396042
396066
396090
396114
396138
396162
396186
396217
396248
396279
396303
396327
396351
396375
396399
396423
396447
396471
396495
396519
396543
396567
396598
396629
396660
396691
396722
396753
396784
396815
396846
396870
396894
396918
396949
396980
397011
397035
397059
397083
397114
397145
397176
397214
397252
397290
397335
397380
397425
397449
397473
397497
397521
397545
397569
397600
397631
397662
397700
397738
397776
397800
397824
397848
397872
397896
397920
397965
398010
398055
398079
398103
398127
398158
398189
398220
398244
398268
398292
398316
398340
398364
398395
398426
398457
398488
398519
398550
398574
398598
398622
398646
398670
398694
398718
398742
398766
398797
398828
398859
398883
398907
398931
398955
398979
399003
399027
399051
399075
399106
399137
399168
399192
399216
399240
399264
399288
399312
399336
399360
399384
399457
399530
399603
399641
399679
399717
399832
399947
400062
400114
400166
400218
400256
400294
400332
400356
400380
400404
400428
400452
400476
400633
400790
400947
401104
401261
401418
401442
401466
401490
401514
401538
401562
401621
401680
401739
401770
401801
401832
401856
401880
401904
401928
401952
401976
402000
402024
402048
402079
402110
402141
402165
402189
402213
402237
402261
402285
402309
402333
402357
402381
402405
402429
402453
402477
402501
402532
402563
402594
402618
402642
402666
402690
402714
402738
402776
402814
402852
402876
402900
402924
402948
402972
402996
403020
403044
403068
403092
403116
403140
403164
403188
403212
403243
403274
403305
403329
403353
403377
403401
403425
403449
403473
403497
403521
403545
403569
403593
403666
403739
403812
403836
403860
403884
403957
404030
404103
404127
404151
404175
404206
404237
404268
404292
404316
404340
404371
404402
404433
404506
404579
404652
404676
404700
404724
404748
404772
404796
404834
404872
404910
404934
404958
404982
405055
405128
405201
405225
405249
405273
405297
405321
405345
405418
405491
405564
405595
405626
405657
405681
405705
405729
405802
405875
405948
405979
406010
406041
406065
406089
406113
406186
406259
406332
406356
406380
406404
406428
406452
406476
406542
406608
406674
406747
406820
406893
406917
406941
406965
407010
407055
407100
407138
407176
407214
407287
407360
407433
407464
407495
407526
407571
407616
407661
407734
407807
407880
407953
408026
408099
408172
408245
408318
408391
408464
408537
408610
408683
408756
408780
408804
408828
408852
408876
408900
408924
408948
408972
408996
409020
409044
409068
409092
409116
409140
409164
409188
409212
409236
409260
409340
409420
409500
409566
409632
409698
409729
409760
409791
409822
409853
409884
409922
409960
409998
410029
410060
410091
410122
410153
410184
410215
410246
410277
410315
410353
410391
410422
410453
410484
410599
410714
410829
410916
411003
411090
411198
411306
411414
411445
411476
411507
411657
411807
411957
411981
412005
412029
412060
412091
412122
412146
412170
412194
412218
412242
412266
412290
412314
412338
412369
412400
412431
412462
412493
412524
412555
412586
412617
412641
412665
412689
412713
412737
412761
412792
412823
412854
412878
412902
412926
412957
412988
413019
413043
413067
413091
413115
413139
413163
413187
413211
413235
413259
413283
413307
413331
413355
413379
413403
413427
413451
413475
413499
413523
413547
413571
413595
413661
413727
413793
413817
413841
413865
413889
413913
413937
413961
413985
414009
414033
414057
414081
414112
414143
414174
414205
414236
414267
414333
414399
414465
414489
414513
414537
414603
414669
414735
414766
414797
414828
414894
414960
415026
415050
415074
415098
415122
415146
415170
415194
415218
415242
415273
415304
415335
415359
415383
415407
415431
415455
415479
415503
415527
415551
415575
415599
415623
415647
415671
415695
415719
415743
415767
415854
415941
416028
416052
416076
416100
416124
416148
416172
416196
416220
416244
416268
416292
416316
416340
416364
416388
416412
416436
416460
416484
416508
416532
416556
416580
416604
416628
416652
416676
416742
416808
416874
416898
416922
416946
416970
416994
417018
417042
417066
417090
417114
417138
417162
417186
417210
417234
417258
417282
417306
417330
417354
417378
417402
417426
417450
417481
417512
417543
417581
417619
417657
417681
417705
417729
417774
417819
417864
417888
417912
417936
417967
417998
418029
418067
418105
418143
418167
418191
418215
418246
418277
418308
418339
418370
418401
418432
418463
418494
418518
418542
418566
418590
418614
418638
418662
418686
418710
418741
418772
418803
418834
418865
418896
418934
418972
419010
419034
419058
419082
419106
419130
419154
419199
419244
419289
419320
419351
419382
419406
419430
419454
419478
419502
419526
419550
419574
419598
419622
419646
419670
419701
419732
419763
419787
419811
419835
419859
419883
419907
419945
419983
420021
420045
420069
420093
420145
420197
420249
420294
420339
420384
420408
420432
420456
420494
420532
420570
420629
420688
420747
420771
420795
420819
420878
420937
420996
421020
421044
421068
421120
421172
421224
421248
421272
421296
421341
421386
421431
421462
421493
421524
421548
421572
421596
421620
421644
421668
421692
421716
421740
421799
421858
421917
421955
421993
422031
422055
422079
422103
422127
422151
422175
422241
422307
422373
422397
422421
422445
422469
422493
422517
422541
422565
422589
422613
422637
422661
422685
422709
422733
422792
422851
422910
422934
422958
422982
423006
423030
423054
423120
423186
423252
423311
423370
423429
423488
423547
423606
423630
423654
423678
423702
423726
423750
423774
423798
423822
423867
423912
423957
424016
424075
424134
424200
424266
424332
424398
424464
424530
424561
424592
424623
424654
424685
424716
424740
424764
424788
424812
424836
424860
424919
424978
425037
425103
425169
425235
425301
425367
425433
425499
425565
425631
425662
425693
425724
425769
425814
425859
425932
426005
426078
426109
426140
426171
426209
426247
426285
426316
426347
426378
426423
426468
426513
426551
426589
426627
426651
426675
426699
426737
426775
426813
426837
426861
426885
426909
426933
426957
426988
427019
427050
427081
427112
427143
427167
427191
427215
427239
427263
427287
427332
427377
427422
427481
427540
427599
427630
427661
427692
427723
427754
427785
427809
427833
427857
427930
428003
428076
428135
428194
428253
428298
428343
428388
428412
428436
428460
428498
428536
428574
428619
428664
428709
428740
428771
428802
428840
428878
428916
428961
429006
429051
429096
429141
429186
429231
429276
429321
429345
429369
429393
429508
429623
429738
429769
429800
429831
429855
429879
429903
429927
429951
429975
429999
430023
430047
430183
430319
430455
430507
430559
430611
430663
430715
430767
430847
430927
431007
431150
431293
431436
431523
431610
431697
431854
432011
432168
432311
432454
432597
432684
432771
432858
432973
433088
433203
433381
433559
433737
433894
434051
434208
434365
434522
434679
434836
434993
435150
435307
435464
435621
435743
435865
435987
436130
436273
436416
436559
436702
436845
436981
437117
437253
437298
437343
437388
437412
437436
437460
437484
437508
437532
437556
437580
437604
437628
437652
437676
437700
437724
437748
437772
437796
437820
437844
437868
437892
437916
437940
437964
437988
438012
438036
438060
438084
438108
438132
438156
438180
438204
438228
438252
438283
438314
438345
438390
438435
438480
438504
438528
438552
438590
438628
438666
438690
438714
438738
438762
438786
438810
438834
438858
438882
438906
438930
438954
438978
439002
439026
439057
439088
439119
439143
439167
439191
439215
439239
439263
439287
439311
439335
439373
439411
439449
439473
439497
439521
439545
439569
439593
439624
439655
439686
439724
439762
439800
439824
439848
439872
439917
439962
440007
440031
440055
440079
440103
440127
440151
440175
440199
440223
440261
440299
440337
440361
440385
440409
440475
440541
440607
440631
440655
440679
440710
440741
440772
440796
440820
440844
440868
440892
440916
440940
440964
440988
441012
441036
441060
441091
441122
441153
441184
441215
441246
441270
441294
441318
441342
441366
441390
441414
441438
441462
441486
441510
441534
441579
441624
441669
441700
441731
441762
441793
441824
441855
441886
441917
441948
441979
442010
442041
442065
442089
442113
442137
442161
442185
442216
442247
442278
442302
442326
442350
442374
442398
442422
442453
442484
442515
442539
442563
442587
442632
442677
442722
442774
442826
442878
442923
442968
443013
443051
443089
443127
443179
443231
443283
443307
443331
443355
443407
443459
443511
443535
443559
443583
443642
443701
443760
443826
443892
443958
443989
444020
444051
444089
444127
444165
444224
444283
444342
444408
444474
444540
444564
444588
444612
444650
444688
444726
444757
444788
444819
444857
444895
444933
444964
444995
445026
445050
445074
445098
445122
445146
445170
445194
445218
445242
445294
445346
445398
445436
445474
445512
445543
445574
445605
445629
445653
445677
445708
445739
445770
445801
445832
445863
445887
445911
445935
446022
446109
446196
446220
446244
446268
446313
446358
446403
446441
446479
446517
446548
446579
446610
446641
446672
446703
446734
446765
446796
446834
446872
446910
446941
446972
447003
447055
447107
447159
447204
447249
447294
447346
447398
447450
447502
447554
447606
447658
447710
447762
447821
447880
447939
447991
448043
448095
448154
448213
448272
448331
448390
448449
448508
448567
448626
448685
448744
448803
448834
448865
448896
448941
448986
449031
449097
449163
449229
449295
449361
449427
449486
449545
449604
449663
449722
449781
449826
449871
449916
449975
450034
450093
450173
450253
450333
450427
450521
450615
450681
450747
450813
450865
450917
450969
451035
451101
451167
451247
451327
451407
451487
451567
451647
451720
451793
451866
451939
452012
452085
452165
452245
452325
452349
452373
452397
452428
452459
452490
452521
452552
452583
452614
452645
452676
452707
452738
452769
452793
452817
452841
452907
452973
453039
453070
453101
453132
453156
453180
453204
453228
453252
453276
453307
453338
453369
453393
453417
453441
453472
453503
453534
453558
453582
453606
453637
453668
453699
453744
453789
453834
453858
453882
453906
453937
453968
453999
454023
454047
454071
454095
454119
454143
454167
454191
454215
454246
454277
454308
454332
454356
454380
454411
454442
454473
454497
454521
454545
454569
454593
454617
454648
454679
454710
454741
454772
454803
454834
454865
454896
454920
454944
454968
455006
455044
455082
455113
455144
455175
455206
455237
455268
455299
455330
455361
455385
455409
455433
455478
455523
455568
455606
455644
455682
455706
455730
455754
455778
455802
455826
455857
455888
455919
455950
455981
456012
456036
456060
456084
456115
456146
456177
456215
456253
456291
456329
456367
456405
456436
456467
456498
456543
456588
456633
456678
456723
456768
456792
456816
456840
456892
456944
456996
457034
457072
457110
457169
457228
457287
457339
457391
457443
457509
457575
457641
457707
457773
457839
457982
458125
458268
458327
458386
458445
458469
458493
458517
458541
458565
458589
458613
458637
458661
458685
458709
458733
458764
458795
458826
458850
458874
458898
458922
458946
458970
458994
459018
459042
459066
459090
459114
459138
459162
459186
459210
459234
459258
459282
459306
459330
459354
459378
459402
459426
459450
459474
459673
459872
460071
460095
460119
460143
460167
460191
460215
460239
460263
460287
460311
460335
460359
460383
460407
460431
460469
460507
460545
460646
460747
460848
460872
460896
460920
460944
460968
460992
461030
461068
461106
461137
461168
461199
461223
461247
461271
461295
461319
461343
461367
461391
461415
461439
461463
461487
461511
461535
461559
461583
461607
461631
461655
461679
461703
461727
461751
461775
461806
461837
461868
461892
461916
461940
461964
461988
462012
462036
462060
462084
462108
462132
462156
462194
462232
462270
462294
462318
462342
462373
462404
462435
462459
462483
462507
462531
462555
462579
462603
462627
462651
462675
462699
462723
462754
462785
462816
462840
462864
462888
462912
462936
462960
463061
463162
463263
463287
463311
463335
463359
463383
463407
463431
463455
463479
463503
463527
463551
463575
463599
463623
463654
463685
463716
463747
463778
463809
463840
463871
463902
463926
463950
463974
463998
464022
464046
464070
464094
464118
464149
464180
464211
464235
464259
464283
464307
464331
464355
464386
464417
464448
464472
464496
464520
464551
464582
464613
464637
464661
464685
464709
464733
464757
464781
464805
464829
464853
464877
464901
464925
464949
464973
464997
465021
465045
465069
465093
465117
465148
465179
465210
465234
465258
465282
465313
465344
465375
465406
465437
465468
465506
465544
465582
465634
465686
465738
465783
465828
465873
465897
465921
465945
465983
466021
466059
466090
466121
466152
466197
466242
466287
466339
466391
466443
466488
466533
466578
466623
466668
466713
466751
466789
466827
466886
466945
467004
467056
467108
467160
467275
467390
467505
467564
467623
467682
467734
467786
467838
467862
467886
467910
467934
467958
467982
468020
468058
468096
468148
468200
468252
468318
468384
468450
468474
468498
468522
468623
468724
468825
468849
468873
468897
468935
468973
469011
469098
469185
469272
469296
469320
469344
469368
469392
469416
469524
469632
469740
469813
469886
469959
469990
470021
470052
470160
470268
470376
470449
470522
470595
470619
470643
470667
470747
470827
470907
470945
470983
471021
471045
471069
471093
471117
471141
471165
471189
471213
471237
471261
471285
471309
471340
471371
471402
471433
471464
471495
471519
471543
471567
471605
471643
471681
471712
471743
471774
471861
471948
472035
472066
472097
472128
472152
472176
472200
472259
472318
472377
472401
472425
472449
472473
472497
472521
472601
472681
472761
472785
472809
472833
472857
472881
472905
472957
473009
473061
473085
473109
473133
473157
473181
473205
473264
473323
473382
473469
473556
473643
473716
473789
473862
473942
474022
474102
474189
474276
474363
474464
474565
474666
474711
474756
474801
474902
475003
475104
475191
475278
475365
475438
475511
475584
475608
475632
475656
475680
475704
475728
475801
475874
475947
475971
475995
476019
476043
476067
476091
476192
476293
476394
476418
476442
476466
476518
476570
476622
476667
476712
476757
476844
476931
477018
477105
477192
477279
477352
477425
477498
477599
477700
477801
477895
477989
478083
478128
478173
478218
478291
478364
478437
478517
478597
478677
478715
478753
478791
478857
478923
478989
479013
479037
479061
479134
479207
479280
479381
479482
479583
479684
479785
479886
479966
480046
480126
480199
480272
480345
480369
480393
480417
480448
480479
480510
480534
480558
480582
480648
480714
480780
480853
480926
480999
481079
481159
481239
481312
481385
481458
481531
481604
481677
481701
481725
481749
481815
481881
481947
482020
482093
482166
482232
482298
482364
482388
482412
482436
482509
482582
482655
482735
482815
482895
482919
482943
482967
483005
483043
483081
483147
483213
483279
483345
483411
483477
483550
483623
483696
483755
483814
483873
483897
483921
483945
483969
483993
484017
484041
484065
484089
484113
484137
484161
484185
484209
484233
484264
484295
484326
484350
484374
484398
484422
484446
484470
484494
484518
484542
484580
484618
484656
484680
484704
484728
484759
484790
484821
484845
484869
484893
484917
484941
484965
484996
485027
485058
485138
485218
485298
485385
485472
485559
485618
485677
485736
485760
485784
485808
485839
485870
485901
485939
485977
486015
486046
486077
486108
486202
486296
486390
486421
486452
486483
486521
486559
486597
486628
486659
486690
486721
486752
486783
486828
486873
486918
486984
487050
487116
487189
487262
487335
487464
487593
487722
487851
487980
488109
488133
488157
488181
488205
488229
488253
488277
488301
488325
488349
488373
488397
488421
488445
488469
488493
488517
488541
488565
488589
488613
488637
488661
488685
488709
488733
488757
488781
488805
488829
488853
488877
488901
488925
488949
488973
489032
489091
489150
489174
489198
489222
489295
489368
489441
489493
489545
489597
489621
489645
489669
489721
489773
489825
489849
489873
489897
489921
489945
489969
489993
490017
490041
490093
490145
490197
490228
490259
490290
490342
490394
490446
490491
490536
490581
490640
490699
490758
490810
490862
490914
490973
491032
491091
491136
491181
491226
491257
491288
491319
491343
491367
491391
491422
491453
491484
491536
491588
491640
491692
491744
491796
491848
491900
491952
492004
492056
492108
492146
492184
492222
492253
492284
492315
492374
492433
492492
492551
492610
492669
492735
492801
492867
492926
492985
493044
493096
493148
493200
493224
493248
493272
493338
493404
493470
493522
493574
493626
493678
493730
493782
493848
493914
493980
494039
494098
494157
494188
494219
494250
494309
494368
494427
494486
494545
494604
494628
494652
494676
494728
494780
494832
494898
494964
495030
495082
495134
495186
495245
495304
495363
495422
495481
495540
495564
495588
495612
495678
495744
495810
495841
495872
495903
495934
495965
495996
496020
496044
496068
496099
496130
496161
496185
496209
496233
496306
496379
496452
496490
496528
496566
496597
496628
496659
496697
496735
496773
496839
496905
496971
497037
497103
497169
497214
497259
497304
497391
497478
497565
497603
497641
497679
497759
497839
497919
497964
498009
498054
498092
498130
498168
498220
498272
498324
498390
498456
498522
498546
498570
498594
498618
498642
498666
498704
498742
498780
498804
498828
498852
498883
498914
498945
498969
498993
499017
499048
499079
499110
499162
499214
499266
499311
499356
499401
499432
499463
499494
499553
499612
499671
499702
499733
499764
499788
499812
499836
499881
499926
499971
499995
500019
500043
500088
500133
500178
500209
500240
500271
500316
500361
500406
500444
500482
500520
500565
500610
500655
500693
500731
500769
500807
500845
500883
500921
500959
500997
501049
501101
501153
501205
501257
501309
501347
501385
501423
501461
501499
501537
501575
501613
501651
501689
501727
501765
501803
501841
501879
501917
501955
501993
502024
502055
502086
502124
502162
502200
502224
502248
502272
502310
502348
502386
502424
502462
502500
502538
502576
502614
502638
502662
502686
502710
502734
502758
502782
502806
502830
502868
502906
502944
502968
502992
503016
503040
503064
503088
503126
503164
503202
503233
503264
503295
503326
503357
503388
503419
503450
503481
503519
503557
503595
503633
503671
503709
503733
503757
503781
503826
503871
503916
503940
503964
503988
504012
504036
504060
504091
504122
504153
504177
504201
504225
504249
504273
504297
504335
504373
504411
504456
504501
504546
504577
504608
504639
504684
504729
504774
504798
504822
504846
504898
504950
505002
505040
505078
505116
505140
505164
505188
505282
505376
505470
505515
505560
505605
505685
505765
505845
505869
505893
505917
505941
505965
505989
506020
506051
506082
506106
506130
506154
506192
506230
506268
506292
506316
506340
506364
506388
506412
506443
506474
506505
506536
506567
506598
506622
506646
506670
506701
506732
506763
506801
506839
506877
506901
506925
506949
506973
506997
507021
507045
507069
507093
507138
507183
507228
507252
507276
507300
507345
507390
507435
507466
507497
507528
507573
507618
507663
507694
507725
507756
507780
507804
507828
507852
507876
507900
507924
507948
507972
507996
508020
508044
508075
508106
508137
508161
508185
508209
508310
508411
508512
508543
508574
508605
508629
508653
508677
508701
508725
508749
508773
508797
508821
508845
508869
508893
508924
508955
508986
509010
509034
509058
509082
509106
509130
509154
509178
509202
509226
509250
509274
509298
509322
509346
509377
509408
509439
509463
509487
509511
509535
509559
509583
509607
509631
509655
509686
509717
509748
509772
509796
509820
509844
509868
509892
509916
509940
509964
509988
510012
510036
510060
510084
510108
510132
510156
510180
510204
510228
510252
510283
510314
510345
510369
510393
510417
510448
510479
510510
510555
510600
510645
510725
510805
510885
510930
510975
511020
511072
511124
511176
511200
511224
511248
511279
511310
511341
511365
511389
511413
511437
511461
511485
511509
511533
511557
511595
511633
511671
511695
511719
511743
511767
511791
511815
511860
511905
511950
511974
511998
512022
512046
512070
512094
512125
512156
512187
512211
512235
512259
512290
512321
512352
512376
512400
512424
512448
512472
512496
512527
512558
512589
512620
512651
512682
512706
512730
512754
512778
512802
512826
512850
512874
512898
512922
512946
512970
512994
513018
513042
513066
513090
513114
513152
513190
513228
513252
513276
513300
513345
513390
513435
513459
513483
513507
513545
513583
513621
513652
513683
513714
513752
513790
513828
513852
513876
513900
513938
513976
514014
514045
514076
514107
514138
514169
514200
514224
514248
514272
514296
514320
514344
514368
514392
514416
514461
514506
514551
514575
514599
514623
514647
514671
514695
514754
514813
514872
514896
514920
514944
514975
515006
515037
515061
515085
515109
515154
515199
515244
515282
515320
515358
515396
515434
515472
515496
515520
515544
515568
515592
515616
515647
515678
515709
515803
515897
515991
516015
516039
516063
516164
516265
516366
516411
516456
516501
516525
516549
516573
516597
516621
516645
516669
516693
516717
516741
516765
516789
516841
516893
516945
516969
516993
517017
517048
517079
517110
517134
517158
517182
517206
517230
517254
517278
517302
517326
517350
517374
517398
517443
517488
517533
517564
517595
517626
517678
517730
517782
517841
517900
517959
518018
518077
518136
518167
518198
518229
518253
518277
518301
518353
518405
518457
518481
518505
518529
518567
518605
518643
518695
518747
518799
518837
518875
518913
518937
518961
518985
519016
519047
519078
519123
519168
519213
519307
519401
519495
519589
519683
519777
519885
519993
520101
520272
520443
520614
520659
520704
520749
520773
520797
520821
520845
520869
520893
520980
521067
521154
521185
521216
521247
521292
521337
521382
521427
521472
521517
521555
521593
521631
521662
521693
521724
521755
521786
521817
521855
521893
521931
521969
522007
522045
522083
522121
522159
522190
522221
522252
522283
522314
522345
522369
522393
522417
522441
522465
522489
522513
522537
522561
522634
522707
522780
522811
522842
522873
522897
522921
522945
523011
523077
523143
523167
523191
523215
523253
523291
523329
523353
523377
523401
523425
523449
523473
523525
523577
523629
523653
523677
523701
523725
523749
523773
523818
523863
523908
523932
523956
523980
524011
524042
524073
524104
524135
524166
524197
524228
524259
524304
524349
524394
524425
524456
524487
524539
524591
524643
524737
524831
524925
524949
524973
524997
525042
525087
525132
525163
525194
525225
525277
525329
525381
525405
525429
525453
525491
525529
525567
525619
525671
525723
525782
525841
525900
525952
526004
526056
526115
526174
526233
526327
526421
526515
526581
526647
526713
526751
526789
526827
526893
526959
527025
527112
527199
527286
527401
527516
527631
527760
527889
528018
528042
528066
528090
528121
528152
528183
528207
528231
528255
528279
528303
528327
528351
528375
528399
528423
528447
528471
528502
528533
528564
528595
528626
528657
528681
528705
528729
528753
528777
528801
528839
528877
528915
528960
529005
529050
529074
529098
529122
529174
529226
529278
529316
529354
529392
529416
529440
529464
529488
529512
529536
529560
529584
529608
529639
529670
529701
529739
529777
529815
529846
529877
529908
529946
529984
530022
530046
530070
530094
530132
530170
530208
530232
530256
530280
530304
530328
530352
530376
530400
530424
530455
530486
530517
530548
530579
530610
530634
530658
530682
530706
530730
530754
530778
530802
530826
530906
530986
531066
531118
531170
531222
531246
531270
531294
531325
531356
531387
531425
531463
531501
531525
531549
531573
531604
531635
531666
531690
531714
531738
531811
531884
531957
531995
532033
532071
532109
532147
532185
532258
532331
532404
532428
532452
532476
532521
532566
532611
532642
532673
532704
532742
532780
532818
532891
532964
533037
533061
533085
533109
533133
533157
533181
533247
533313
533379
533452
533525
533598
533650
533702
533754
533792
533830
533868
533927
533986
534045
534104
534163
534222
534281
534340
534399
534437
534475
534513
534558
534603
534648
534693
534738
534783
534828
534873
534918
534963
535008
535053
535091
535129
535167
535191
535215
535239
535277
535315
535353
535391
535429
535467
535491
535515
535539
535584
535629
535674
535712
535750
535788
535812
535836
535860
535891
535922
535953
535977
536001
536025
536049
536073
536097
536121
536145
536169
536193
536217
536241
536265
536289
536313
536365
536417
536469
536514
536559
536604
536628
536652
536676
536707
536738
536769
536793
536817
536841
536865
536889
536913
536951
536989
537027
537051
537075
537099
537137
537175
537213
537244
537275
537306
537351
537396
537441
537500
537559
537618
537656
537694
537732
537763
537794
537825
537863
537901
537939
537984
538029
538074
538133
538192
538251
538317
538383
538449
538543
538637
538731
538797
538863
538929
538988
539047
539106
539165
539224
539283
539349
539415
539481
539540
539599
539658
539738
539818
539898
539978
540058
540138
540211
540284
540357
540458
540559
540660
540761
540862
540963
541008
541053
541098
541143
541188
541233
541271
541309
541347
541371
541395
541419
541443
541467
541491
541529
541567
541605
541643
541681
541719
541750
541781
541812
541836
541860
541884
541915
541946
541977
542008
542039
542070
542094
542118
542142
542173
542204
542235
542266
542297
542328
542359
542390
542421
542445
542469
542493
542524
542555
542586
542617
542648
542679
542710
542741
542772
542796
542820
542844
542875
542906
542937
542961
542985
543009
543033
543057
543081
543112
543143
543174
543282
543390
543498
543536
543574
543612
543643
543674
543705
543736
543767
543798
543864
543930
543996
544020
544044
544068
544134
544200
544266
544311
544356
544401
544432
544463
544494
544525
544556
544587
544618
544649
544680
544704
544728
544752
544783
544814
544845
544890
544935
544980
545004
545028
545052
545160
545268
545376
545428
545480
545532
545556
545580
545604
545628
545652
545676
545707
545738
545769
545800
545831
545862
545970
546078
546186
546217
546248
546279
546338
546397
546456
546487
546518
546549
546580
546611
546642
546673
546704
546735
546766
546797
546828
546873
546918
546963
546994
547025
547056
547080
547104
547128
547152
547176
547200
547224
547248
547272
547303
547334
547365
547389
547413
547437
547461
547485
547509
547533
547557
547581
547619
547657
547695
547726
547757
547788
547812
547836
547860
547884
547908
547932
547956
547980
548004
548070
548136
548202
548240
548278
548316
548340
548364
548388
548412
548436
548460
548526
548592
548658
548703
548748
548793
548824
548855
548886
548910
548934
548958
548996
549034
549072
549152
549232
549312
549343
549374
549405
549429
549453
549477
549543
549609
549675
549706
549737
549768
549806
549844
549882
549913
549944
549975
550013
550051
550089
550134
550179
550224
550255
550286
550317
550348
550379
550410
550476
550542
550608
550639
550670
550701
550739
550777
550815
550867
550919
550971
551009
551047
551085
551109
551133
551157
551181
551205
551229
551267
551305
551343
551402
551461
551520
551558
551596
551634
551700
551766
551832
551863
551894
551925
551991
552057
552123
552182
552241
552300
552331
552362
552393
552431
552469
552507
552531
552555
552579
552617
552655
552693
552745
552797
552849
552873
552897
552921
552959
552997
553035
553073
553111
553149
553187
553225
553263
553301
553339
553377
553415
553453
553491
553529
553567
553605
553643
553681
553719
553750
553781
553812
553836
553860
553884
553908
553932
553956
553994
554032
554070
554101
554132
554163
554194
554225
554256
554287
554318
554349
554380
554411
554442
554473
554504
554535
554566
554597
554628
554652
554676
554700
554724
554748
554772
554796
554820
554844
554875
554906
554937
554961
554985
555009
555033
555057
555081
555112
555143
555174
555205
555236
555267
555298
555329
555360
555426
555492
555558
555582
555606
555630
555668
555706
555744
555768
555792
555816
555847
555878
555909
555947
555985
556023
556054
556085
556116
556168
556220
556272
556338
556404
556470
556501
556532
556563
556671
556779
556887
556911
556935
556959
556983
557007
557031
557055
557079
557103
557127
557151
557175
557213
557251
557289
557348
557407
557466
557490
557514
557538
557562
557586
557610
557634
557658
557682
557706
557730
557754
557785
557816
557847
557871
557895
557919
557943
557967
557991
558029
558067
558105
558129
558153
558177
558201
558225
558249
558280
558311
558342
558366
558390
558414
558452
558490
558528
558552
558576
558600
558645
558690
558735
558766
558797
558828
558852
558876
558900
558924
558948
558972
559017
559062
559107
559131
559155
559179
559203
559227
559251
559338
559425
559512
559550
559588
559626
559664
559702
559740
559771
559802
559833
559878
559923
559968
559992
560016
560040
560071
560102
560133
560185
560237
560289
560355
560421
560487
560518
560549
560580
560604
560628
560652
560676
560700
560724
560776
560828
560880
560904
560928
560952
560983
561014
561045
561104
561163
561222
561246
561270
561294
561318
561342
561366
561425
561484
561543
561581
561619
561657
561681
561705
561729
561753
561777
561801
561832
561863
561894
561925
561956
561987
562011
562035
562059
562083
562107
562131
562155
562179
562203
562227
562251
562275
562320
562365
562410
562455
562500
562545
562569
562593
562617
562648
562679
562710
562769
562828
562887
562925
562963
563001
563032
563063
563094
563125
563156
563187
563225
563263
563301
563360
563419
563478
563509
563540
563571
563595
563619
563643
563667
563691
563715
563739
563763
563787
563811
563835
563859
563890
563921
563952
563976
564000
564024
564062
564100
564138
564183
564228
564273
564304
564335
564366
564404
564442
564480
564511
564542
564573
564639
564705
564771
564809
564847
564885
564951
565017
565083
565114
565145
565176
565214
565252
565290
565328
565366
565404
565449
565494
565539
565570
565601
565632
565691
565750
565809
565854
565899
565944
566010
566076
566142
566208
566274
566340
566420
566500
566580
566674
566768
566862
566942
567022
567102
567196
567290
567384
567471
567558
567645
567725
567805
567885
567965
568045
568125
568226
568327
568428
568508
568588
568668
568762
568856
568950
569037
569124
569211
569312
569413
569514
569615
569716
569817
569890
569963
570036
570123
570210
570297
570377
570457
570537
570624
570711
570798
570892
570986
571080
571146
571212
571278
571351
571424
571497
571570
571643
571716
571803
571890
571977
572057
572137
572217
572311
572405
572499
572663
572827
572991
573064
573137
573210
573234
573258
573282
573334
573386
573438
573497
573556
573615
573639
573663
573687
573746
573805
573864
573895
573926
573957
573981
574005
574029
574074
574119
574164
574223
574282
574341
574407
574473
574539
574577
574615
574653
574684
574715
574746
574770
574794
574818
574870
574922
574974
575005
575036
575067
575091
575115
575139
575177
575215
575253
575277
575301
575325
575370
575415
575460
575484
575508
575532
575563
575594
575625
575649
575673
575697
575728
575759
575790
575814
575838
575862
575900
575938
575976
576021
576066
576111
576163
576215
576267
576312
576357
576402
576433
576464
576495
576533
576571
576609
576633
576657
576681
576705
576729
576753
576777
576801
576825
576849
576873
576897
576921
576945
576969
576993
577017
577041
577072
577103
577134
577158
577182
577206
577272
577338
577404
577428
577452
577476
577500
577524
577548
577600
577652
577704
577756
577808
577860
577919
577978
578037
578089
578141
578193
578252
578311
578370
578415
578460
578505
578536
578567
578598
578622
578646
578670
578708
578746
578784
578822
578860
578898
578957
579016
579075
579120
579165
579210
579234
579258
579282
579313
579344
579375
579406
579437
579468
579506
579544
579582
579620
579658
579696
579727
579758
579789
579813
579837
579861
579885
579909
579933
579971
580009
580047
580078
580109
580140
580164
580188
580212
580243
580274
580305
580336
580367
580398
580492
580586
580680
580704
580728
580752
580790
580828
580866
580918
580970
581022
581109
581196
581283
581328
581373
581418
581470
581522
581574
581612
581650
581688
581712
581736
581760
581805
581850
581895
581933
581971
582009
582033
582057
582081
582126
582171
582216
582261
582306
582351
582396
582441
582486
582510
582534
582558
582603
582648
582693
582717
582741
582765
582817
582869
582921
582945
582969
582993
583017
583041
583065
583117
583169
583221
583245
583269
583293
583324
583355
583386
583424
583462
583500
583531
583562
583593
583617
583641
583665
583689
583713
583737
583782
583827
583872
583924
583976
584028
584052
584076
584100
584124
584148
584172
584196
584220
584244
584268
584292
584316
584361
584406
584451
584475
584499
584523
584547
584571
584595
584619
584643
584667
584705
584743
584781
584812
584843
584874
584919
584964
585009
585054
585099
585144
585182
585220
585258
585303
585348
585393
585438
585483
585528
585559
585590
585621
585652
585683
585714
585759
585804
585849
585901
585953
586005
586043
586081
586119
586150
586181
586212
586250
586288
586326
586392
586458
586524
586562
586600
586638
586683
586728
586773
586811
586849
586887
586932
586977
587022
587081
587140
587199
587237
587275
587313
587365
587417
587469
587507
587545
587583
587635
587687
587739
587791
587843
587895
587947
587999
588051
588103
588155
588207
588280
588353
588426
588485
588544
588603
588704
588805
588906
588930
588954
588978
589002
589026
589050
589081
589112
589143
589167
589191
589215
589239
589263
589287
589318
589349
589380
589411
589442
589473
589518
589563
589608
589639
589670
589701
589732
589763
589794
589818
589842
589866
589918
589970
590022
590067
590112
590157
590181
590205
590229
590267
590305
590343
590367
590391
590415
590446
590477
590508
590546
590584
590622
590660
590698
590736
590774
590812
590850
590895
590940
590985
591009
591033
591057
591081
591105
591129
591167
591205
591243
591267
591291
591315
591353
591391
591429
591467
591505
591543
591567
591591
591615
591653
591691
591729
591760
591791
591822
591846
591870
591894
591918
591942
591966
592011
592056
592101
592125
592149
592173
592218
592263
592308
592332
592356
592380
592418
592456
592494
592532
592570
592608
592660
592712
592764
592809
592854
592899
592965
593031
593097
593149
593201
593253
593298
593343
593388
593440
593492
593544
593603
593662
593721
593801
593881
593961
594020
594079
594138
594162
594186
594210
594234
594258
594282
594306
594330
594354
594378
594402
594426
594450
594474
594498
594522
594546
594570
594601
594632
594663
594687
594711
594735
594759
594783
594807
594831
594855
594879
594903
594927
594951
594975
594999
595023
595047
595071
595095
595119
595143
595167
595191
595215
595239
595263
595287
595311
595335
595359
595383
595407
595431
595455
595479
595503
595527
595551
595575
595599
595623
595647
595671
595751
595831
595911
595942
595973
596004
596028
596052
596076
596100
596124
596148
596172
596196
596220
596258
596296
596334
596365
596396
596427
596465
596503
596541
596572
596603
596634
596665
596696
596727
596751
596775
596799
596837
596875
596913
596944
596975
597006
597044
597082
597120
597151
597182
597213
597251
597289
597327
597365
597403
597441
597472
597503
597534
597572
597610
597648
597679
597710
597741
597821
597901
597981
598005
598029
598053
598077
598101
598125
598163
598201
598239
598340
598441
598542
598622
598702
598782
598813
598844
598875
598899
598923
598947
598971
598995
599019
599050
599081
599112
599136
599160
599184
599208
599232
599256
599392
599528
599664
599716
599768
599820
599844
599868
599892
599930
599968
600006
600030
600054
600078
600109
600140
600171
600216
600261
600306
600337
600368
600399
600451
600503
600555
600593
600631
600669
600714
600759
600804
600863
600922
600981
601040
601099
601158
601196
601234
601272
601317
601362
601407
601543
601679
601815
601979
602143
602307
602443
602579
602715
602865
603015
603165
603329
603493
603657
603835
604013
604191
604215
604239
604263
604287
604311
604335
604359
604383
604407
604431
604455
604479
604510
604541
604572
604596
604620
604644
604668
604692
604716
604740
604764
604788
604812
604836
604860
604884
604908
604932
604956
604980
605004
605028
605052
605076
605100
605124
605148
605172
605196
605220
605244
605268
605292
605316
605340
605364
605402
605440
605478
605502
605526
605550
605574
605598
605622
605646
605670
605694
605725
605756
605787
605811
605835
605859
605883
605907
605931
605955
605979
606003
606027
606051
606075
606106
606137
606168
606213
606258
606303
606327
606351
606375
606399
606423
606447
606471
606495
606519
606543
606567
606591
606622
606653
606684
606708
606732
606756
606787
606818
606849
606873
606897
606921
606945
606969
606993
607024
607055
607086
607124
607162
607200
607224
607248
607272
607296
607320
607344
607368
607392
607416
607440
607464
607488
607519
607550
607581
607633
607685
607737
607761
607785
607809
607833
607857
607881
607905
607929
607953
608012
608071
608130
608168
608206
608244
608275
608306
608337
608368
608399
608430
608454
608478
608502
608533
608564
608595
608626
608657
608688
608726
608764
608802
608833
608864
608895
608919
608943
608967
609012
609057
609102
609147
609192
609237
609268
609299
609330
609368
609406
609444
609475
609506
609537
609582
609627
609672
609696
609720
609744
609782
609820
609858
609903
609948
609993
610031
610069
610107
610145
610183
610221
610259
610297
610335
610380
610425
610470
610522
610574
610626
610678
610730
610782
610848
610914
610980
611053
611126
611199
611265
611331
611397
611470
611543
611616
611731
611846
611961
612076
612191
612306
612414
612522
612630
612724
612818
612912
613013
613114
613215
613316
613417
613518
613619
613720
613821
613845
613869
613893
613917
613941
613965
613989
614013
614037
614061
614085
614109
614133
614157
614181
614205
614229
614253
614277
614301
614325
614349
614373
614397
614533
614669
614805
614829
614853
614877
614901
614925
614949
614980
615011
615042
615073
615104
615135
615159
615183
615207
615231
615255
615279
615303
615327
615351
615375
615399
615423
615447
615471
615495
615519
615543
615567
615591
615615
615639
615663
615687
615711
615742
615773
615804
615835
615866
615897
615928
615959
615990
616021
616052
616083
616107
616131
616155
616186
616217
616248
616279
616310
616341
616372
616403
616434
616465
616496
616527
616558
616589
616620
616651
616682
616713
616744
616775
616806
616837
616868
616899
616937
616975
617013
617051
617089
617127
617165
617203
617241
617279
617317
617355
617386
617417
617448
617486
617524
617562
617600
617638
617676
617714
617752
617790
617828
617866
617904
617928
617952
617976
618014
618052
618090
618128
618166
618204
618242
618280
618318
618370
618422
618474
618512
618550
618588
618633
618678
618723
618768
618813
618858
618903
618948
618993
619038
619083
619128
619159
619190
619221
619259
619297
619335
619380
619425
619470
619522
619574
619626
619664
619702
619740
619806
619872
619938
620011
620084
620157
620202
620247
620292
620316
620340
620364
620402
620440
620478
620516
620554
620592
620700
620808
620916
621045
621174
621303
621334
621365
621396
621427
621458
621489
621527
621565
621603
621732
621861
621990
622028
622066
622104
622170
622236
622302
622361
622420
622479
622517
622555
622593
622624
622655
622686
622738
622790
622842
622880
622918
622956
622980
623004
623028
623052
623076
623100
623187
623274
623361
623441
623521
623601
623667
623733
623799
623893
623987
624081
624140
624199
624258
624366
624474
624582
624606
624630
624654
624678
624702
624726
624764
624802
624840
624892
624944
624996
625041
625086
625131
625155
625179
625203
625234
625265
625296
625327
625358
625389
625448
625507
625566
625590
625614
625638
625676
625714
625752
625804
625856
625908
625932
625956
625980
626032
626084
626136
626188
626240
626292
626414
626536
626658
626689
626720
626751
626789
626827
626865
626896
626927
626958
627080
627202
627324
627348
627372
627396
627420
627444
627468
627499
627530
627561
627592
627623
627654
627685
627716
627747
627778
627809
627840
627878
627916
627954
628034
628114
628194
628288
628382
628476
628563
628650
628737
628789
628841
628893
628980
629067
629154
629185
629216
629247
629271
629295
629319
629413
629507
629601
629695
629789
629883
629907
629931
629955
630000
630045
630090
630121
630152
630183
630228
630273
630318
630377
630436
630495
630596
630697
630798
630997
631196
631395
631419
631443
631467
631491
631515
631539
631563
631587
631611
631635
631659
631683
631707
631731
631755
631779
631803
631827
631851
631875
631899
631923
631947
631971
631995
632019
632043
632067
632091
632115
632153
632191
632229
632253
632277
632301
632346
632391
632436
632488
632540
632592
632637
632682
632727
632772
632817
632862
632907
632952
632997
633035
633073
633111
633135
633159
633183
633235
633287
633339
633391
633443
633495
633547
633599
633651
633689
633727
633765
633817
633869
633921
633945
633969
633993
634031
634069
634107
634138
634169
634200
634224
634248
634272
634296
634320
634344
634368
634392
634416
634447
634478
634509
634533
634557
634581
634626
634671
634716
634761
634806
634851
634882
634913
634944
634975
635006
635037
635089
635141
635193
635252
635311
635370
635408
635446
635484
635522
635560
635598
635622
635646
635670
635708
635746
635784
635822
635860
635898
635922
635946
635970
635994
636018
636042
636066
636090
636114
636138
636162
636186
636210
636234
636258
636282
636306
636330
636354
636378
636402
636433
636464
636495
636575
636655
636735
636780
636825
636870
636894
636918
636942
636966
636990
637014
637045
637076
637107
637159
637211
637263
637315
637367
637419
637450
637481
637512
637592
637672
637752
637783
637814
637845
637883
637921
637959
638018
638077
638136
638188
638240
638292
638351
638410
638469
638542
638615
638688
638782
638876
638970
638994
639018
639042
639066
639090
639114
639138
639162
639186
639210
639234
639258
639282
639306
639330
639354
639378
639402
639426
639450
639474
639498
639522
639546
639570
639594
639618
639642
639666
639690
639714
639738
639762
639786
639810
639834
639872
639910
639948
639972
639996
640020
640044
640068
640092
640130
640168
640206
640244
640282
640320
640358
640396
640434
640472
640510
640548
640586
640624
640662
640700
640738
640776
640814
640852
640890
640928
640966
641004
641042
641080
641118
641142
641166
641190
641228
641266
641304
641328
641352
641376
641400
641424
641448
641472
641496
641520
641544
641568
641592
641630
641668
641706
641744
641782
641820
641858
641896
641934
641965
641996
642027
642072
642117
642162
642207
642252
642297
642321
642345
642369
642407
642445
642483
642528
642573
642618
642642
642666
642690
642735
642780
642825
642849
642873
642897
642928
642959
642990
643014
643038
643062
643093
643124
643155
643179
643203
643227
643251
643275
643299
643323
643347
643371
643423
643475
643527
643579
643631
643683
643707
643731
643755
643786
643817
643848
643872
643896
643920
643944
643968
643992
644016
644040
644064
644088
644112
644136
644160
644184
644208
644232
644256
644280
644304
644328
644352
644376
644400
644424
644448
644472
644496
644520
644544
644568
644606
644644
644682
644706
644730
644754
644806
644858
644910
644934
644958
644982
645034
645086
645138
645169
645200
645231
645262
645293
645324
645355
645386
645417
645518
645619
645720
645779
645838
645897
645921
645945
645969
645993
646017
646041
646072
646103
646134
646158
646182
646206
646258
646310
646362
646386
646410
646434
646521
646608
646695
646726
646757
646788
646861
646934
647007
647031
647055
647079
647152
647225
647298
647329
647360
647391
647429
647467
647505
647571
647637
647703
647776
647849
647922
647953
647984
648015
648060
648105
648150
648195
648240
648285
648309
648333
648357
648409
648461
648513
648558
648603
648648
648686
648724
648762
648814
648866
648918
648991
649064
649137
649161
649185
649209
649233
649257
649281
649312
649343
649374
649405
649436
649467
649498
649529
649560
649598
649636
649674
649712
649750
649788
649826
649864
649902
649933
649964
649995
650026
650057
650088
650112
650136
650160
650184
650208
650232
650256
650280
650304
650328
650352
650376
650400
650424
650448
650472
650496
650520
650544
650568
650592
650630
650668
650706
650730
650754
650778
650802
650826
650850
650888
650926
650964
650988
651012
651036
651060
651084
651108
651132
651156
651180
651211
651242
651273
651318
651363
651408
651460
651512
651564
651595
651626
651657
651688
651719
651750
651774
651798
651822
651860
651898
651936
651960
651984
652008
652060
652112
652164
652188
652212
652236
652260
652284
652308
652332
652356
652380
652446
652512
652578
652602
652626
652650
652674
652698
652722
652746
652770
652794
652818
652842
652866
652904
652942
652980
653004
653028
653052
653083
653114
653145
653169
653193
653217
653248
653279
653310
653376
653442
653508
653574
653640
653706
653730
653754
653778
653802
653826
653850
653881
653912
653943
653967
653991
654015
654074
654133
654192
654258
654324
654390
654456
654522
654588
654619
654650
654681
654747
654813
654879
654945
655011
655077
655129
655181
655233
655292
655351
655410
655476
655542
655608
655632
655656
655680
655711
655742
655773
655839
655905
655971
656037
656103
656169
656221
656273
656325
656363
656401
656439
656463
656487
656511
656577
656643
656709
656775
656841
656907
656973
657039
657105
657171
657237
657303
657334
657365
657396
657420
657444
657468
657492
657516
657540
657571
657602
657633
657664
657695
657726
657757
657788
657819
657843
657867
657891
657915
657939
657963
657987
658011
658035
658080
658125
658170
658201
658232
658263
658294
658325
658356
658387
658418
658449
658473
658497
658521
658552
658583
658614
658652
658690
658728
658752
658776
658800
658838
658876
658914
658945
658976
659007
659045
659083
659121
659159
659197
659235
659273
659311
659349
659394
659439
659484
659543
659602
659661
659755
659849
659943
660037
660131
660225
660375
660525
660675
660699
660723
660747
660771
660795
660819
660843
660867
660891
660915
660939
660963
660987
661011
661035
661066
661097
661128
661152
661176
661200
661224
661248
661272
661296
661320
661344
661368
661392
661416
661447
661478
661509
661533
661557
661581
661612
661643
661674
661698
661722
661746
661770
661794
661818
661849
661880
661911
661942
661973
662004
662028
662052
662076
662100
662124
662148
662186
662224
662262
662293
662324
662355
662379
662403
662427
662465
662503
662541
662579
662617
662655
662679
662703
662727
662751
662775
662799
662823
662847
662871
662895
662919
662943
662967
662991
663015
663039
663063
663087
663125
663163
663201
663225
663249
663273
663297
663321
663345
663369
663393
663417
663448
663479
663510
663583
663656
663729
663774
663819
663864
663895
663926
663957
663988
664019
664050
664074
664098
664122
664146
664170
664194
664274
664354
664434
664458
664482
664506
664530
664554
664578
664602
664626
664650
664674
664698
664722
664746
664770
664794
664818
664842
664866
664932
664998
665064
665088
665112
665136
665167
665198
665229
665253
665277
665301
665360
665419
665478
665537
665596
665655
665714
665773
665832
665891
665950
666009
666068
666127
666186
666245
666304
666363
666401
666439
666477
666508
666539
666570
666601
666632
666663
666687
666711
666735
666759
666783
666807
666838
666869
666900
666938
666976
667014
667038
667062
667086
667110
667134
667158
667196
667234
667272
667331
667390
667449
667508
667567
667626
667657
667688
667719
667750
667781
667812
667843
667874
667905
667936
667967
667998
668036
668074
668112
668157
668202
668247
668292
668337
668382
668413
668444
668475
668513
668551
668589
668648
668707
668766
668846
668926
669006
669233
669460
669687
669711
669735
669759
669783
669807
669831
669855
669879
669903
669927
669951
669975
669999
670023
670047
670071
670095
670119
670143
670167
670191
670215
670239
670263
670287
670311
670335
670359
670383
670407
670431
670455
670479
670503
670527
670551
670582
670613
670644
670668
670692
670716
670747
670778
670809
670833
670857
670881
670912
670943
670974
671005
671036
671067
671098
671129
671160
671191
671222
671253
671277
671301
671325
671356
671387
671418
671449
671480
671511
671535
671559
671583
671607
671631
671655
671686
671717
671748
671772
671796
671820
671851
671882
671913
671944
671975
672006
672030
672054
672078
672102
672126
672150
672174
672198
672222
672260
672298
672336
672367
672398
672429
672460
672491
672522
672574
672626
672678
672702
672726
672750
672774
672798
672822
672909
672996
673083
673107
673131
673155
673235
673315
673395
673419
673443
673467
673505
673543
673581
673640
673699
673758
673810
673862
673914
673966
674018
674070
674094
674118
674142
674166
674190
674214
674252
674290
674328
674387
674446
674505
674564
674623
674682
674720
674758
674796
674834
674872
674910
674983
675056
675129
675216
675303
675390
675414
675438
675462
675486
675510
675534
675558
675582
675606
675630
675654
675678
675702
675726
675750
675774
675798
675822
675846
675870
675894
675918
675942
675966
675990
676014
676038
676062
676086
676110
676134
676158
676182
676206
676230
676254
676278
676302
676326
676350
676374
676398
676422
676446
676470
676494
676518
676542
676566
676590
676614
676638
676662
676686
676710
676734
676758
676782
676806
676830
676854
676878
676902
676926
676950
676974
676998
677022
677046
677070
677094
677118
677142
677166
677190
677214
677238
677262
677293
677324
677355
677386
677417
677448
677507
677566
677625
677649
677673
677697
677721
677745
677769
677793
677817
677841
677865
677889
677913
677944
677975
678006
678051
678096
678141
678165
678189
678213
678258
678303
678348
678372
678396
678420
678444
678468
678492
678523
678554
678585
678630
678675
678720
678772
678824
678876
678928
678980
679032
679084
679136
679188
679226
679264
679302
679347
679392
679437
679475
679513
679551
679596
679641
679686
679731
679776
679821
679845
679869
679893
679917
679941
679965
679989
680013
680037
680061
680085
680109
680140
680171
680202
680226
680250
680274
680347
680420
680493
680538
680583
680628
680680
680732
680784
680808
680832
680856
680908
680960
681012
681043
681074
681105
681171
681237
681303
681348
681393
681438
681539
681640
681741
681863
681985
682107
682180
682253
682326
682378
682430
682482
682506
682530
682554
682585
682616
682647
682678
682709
682740
682764
682788
682812
682843
682874
682905
682971
683037
683103
683141
683179
683217
683255
683293
683331
683355
683379
683403
683427
683451
683475
683499
683523
683547
683606
683665
683724
683748
683772
683796
683827
683858
683889
683913
683937
683961
683985
684009
684033
684057
684081
684105
684129
684153
684177
684201
684225
684249
684273
684297
684321
684345
684369
684393
684431
684469
684507
684559
684611
684663
684687
684711
684735
684773
684811
684849
684894
684939
684984
685029
685074
685119
685171
685223
685275
685306
685337
685368
685399
685430
685461
685499
685537
685575
685599
685623
685647
685685
685723
685761
685799
685837
685875
685899
685923
685947
685971
685995
686019
686043
686067
686091
686115
686139
686163
686187
686211
686235
686273
686311
686349
686387
686425
686463
686501
686539
686577
686615
686653
686691
686729
686767
686805
686843
686881
686919
686943
686967
686991
687015
687039
687063
687101
687139
687177
687215
687253
687291
687329
687367
687405
687443
687481
687519
687543
687567
687591
687622
687653
687684
687708
687732
687756
687780
687804
687828
687894
687960
688026
688050
688074
688098
688122
688146
688170
688201
688232
688263
688315
688367
688419
688471
688523
688575
688613
688651
688689
688734
688779
688824
688883
688942
689001
689060
689119
689178
689202
689226
689250
689281
689312
689343
689374
689405
689436
689467
689498
689529
689581
689633
689685
689709
689733
689757
689788
689819
689850
689916
689982
690048
690114
690180
690246
690291
690336
690381
690419
690457
690495
690561
690627
690693
690759
690825
690891
690936
690981
691026
691092
691158
691224
691248
691272
691296
691320
691344
691368
691392
691416
691440
691506
691572
691638
691683
691728
691773
691804
691835
691866
691890
691914
691938
691962
691986
692010
692048
692086
692124
692148
692172
692196
692220
692244
692268
692327
692386
692445
692469
692493
692517
692576
692635
692694
692753
692812
692871
692895
692919
692943
692974
693005
693036
693074
693112
693150
693174
693198
693222
693274
693326
693378
693402
693426
693450
693474
693498
693522
693546
693570
693594
693646
693698
693750
693788
693826
693864
693909
693954
693999
694051
694103
694155
694186
694217
694248
694293
694338
694383
694428
694473
694518
694563
694608
694653
694677
694701
694725
694763
694801
694839
694884
694929
694974
695019
695064
695109
695154
695199
695244
695268
695292
695316
695347
695378
695409
695454
695499
695544
695568
695592
695616
695640
695664
695688
695712
695736
695760
695805
695850
695895
695940
695985
696030
696075
696120
696165
696189
696213
696237
696275
696313
696351
696382
696413
696444
696482
696520
696558
696589
696620
696651
696682
696713
696744
696775
696806
696837
696868
696899
696930
696954
696978
697002
697033
697064
697095
697119
697143
697167
697191
697215
697239
697263
697287
697311
697342
697373
697404
697435
697466
697497
697528
697559
697590
697614
697638
697662
697686
697710
697734
697765
697796
697827
697851
697875
697899
697923
697947
697971
697995
698019
698043
698067
698091
698115
698146
698177
698208
698232
698256
698280
698304
698328
698352
698376
698400
698424
698448
698472
698496
698520
698544
698568
698599
698630
698661
698692
698723
698754
698813
698872
698931
698969
699007
699045
699111
699177
699243
699281
699319
699357
699423
699489
699555
699607
699659
699711
699742
699773
699804
699842
699880
699918
699977
700036
700095
700133
700171
700209
700247
700285
700323
700375
700427
700479
700531
700583
700635
700673
700711
700749
700787
700825
700863
700908
700953
700998
701043
701088
701133
701213
701293
701373
701453
701533
701613
701679
701745
701811
701842
701873
701904
701956
702008
702060
702133
702206
702279
702324
702369
702414
702473
702532
702591
702657
702723
702789
702876
702963
703050
703116
703182
703248
703321
703394
703467
703568
703669
703770
703871
703972
704073
704146
704219
704292
704400
704508
704616
704717
704818
704919
705153
705387
705621
705806
705991
706176
706403
706630
706857
707042
707227
707412
707436
707460
707484
707543
707602
707661
707720
707779
707838
707890
707942
707994
708018
708042
708066
708097
708128
708159
708190
708221
708252
708276
708300
708324
708383
708442
708501
708525
708549
708573
708597
708621
708645
708669
708693
708717
708741
708765
708789
708813
708837
708861
708920
708979
709038
709062
709086
709110
709169
709228
709287
709311
709335
709359
709383
709407
709431
709490
709549
709608
709632
709656
709680
709704
709728
709752
709776
709800
709824
709848
709872
709896
709941
709986
710031
710090
710149
710208
710267
710326
710385
710409
710433
710457
710481
710505
710529
710553
710577
710601
710639
710677
710715
710739
710763
710787
710825
710863
710901
710946
710991
711036
711060
711084
711108
711132
711156
711180
711204
711228
711252
711283
711314
711345
711397
711449
711501
711532
711563
711594
711618
711642
711666
711704
711742
711780
711818
711856
711894
711932
711970
712008
712032
712056
712080
712111
712142
712173
712211
712249
712287
712318
712349
712380
712411
712442
712473
712504
712535
712566
712590
712614
712638
712662
712686
712710
712734
712758
712782
712806
712830
712854
712878
712902
712926
712978
713030
713082
713106
713130
713154
713178
713202
713226
713250
713274
713298
713322
713346
713370
713401
713432
713463
713494
713525
713556
713615
713674
713733
713771
713809
713847
713948
714049
714150
714244
714338
714432
714463
714494
714525
714563
714601
714639
714691
714743
714795
714819
714843
714867
714919
714971
715023
715054
715085
715116
715140
715164
715188
715240
715292
715344
715396
715448
715500
715552
715604
715656
715708
715760
715812
715843
715874
715905
715957
716009
716061
716113
716165
716217
716241
716265
716289
716341
716393
716445
716476
716507
716538
716569
716600
716631
716683
716735
716787
716839
716891
716943
716974
717005
717036
717060
717084
717108
717153
717198
717243
717288
717333
717378
717416
717454
717492
717523
717554
717585
717616
717647
717678
717702
717726
717750
717774
717798
717822
717860
717898
717936
717974
718012
718050
718095
718140
718185
718209
718233
718257
718281
718305
718329
718374
718419
718464
718502
718540
718578
718623
718668
718713
718758
718803
718848
718893
718938
718983
719021
719059
719097
719149
719201
719253
719298
719343
719388
719433
719478
719523
719561
719599
719637
719675
719713
719751
719796
719841
719886
719917
719948
719979
720003
720027
720051
720089
720127
720165
720203
720241
720279
720303
720327
720351
720382
720413
720444
720475
720506
720537
720561
720585
720609
720647
720685
720723
720761
720799
720837
720882
720927
720972
720996
721020
721044
721082
721120
721158
721203
721248
721293
721317
721341
721365
721403
721441
721479
721503
721527
721551
721582
721613
721644
721682
721720
721758
721796
721834
721872
721903
721934
721965
722017
722069
722121
722159
722197
722235
722266
722297
722328
722359
722390
722421
722473
722525
722577
722622
722667
722712
722750
722788
722826
722864
722902
722940
722992
723044
723096
723162
723228
723294
723332
723370
723408
723453
723498
723543
723581
723619
723657
723702
723747
723792
723844
723896
723948
724007
724066
724125
724177
724229
724281
724347
724413
724479
724524
724569
724614
724666
724718
724770
724822
724874
724926
724999
725072
725145
725183
725221
725259
725339
725419
725499
725544
725589
725634
725700
725766
725832
725919
726006
726093
726208
726323
726438
726672
726906
727140
727325
727510
727695
727880
728065
728250
728449
728648
728847
728878
728909
728940
728971
729002
729033
729057
729081
729105
729136
729167
729198
729243
729288
729333
729378
729423
729468
729513
729558
729603
729634
729665
729696
729734
729772
729810
729848
729886
729924
729969
730014
730059
730097
730135
730173
730218
730263
730308
730346
730384
730422
730460
730498
730536
730574
730612
730650
730688
730726
730764
730788
730812
730836
730881
730926
730971
730995
731019
731043
731088
731133
731178
731216
731254
731292
731337
731382
731427
731472
731517
731562
731586
731610
731634
731679
731724
731769
731814
731859
731904
731928
731952
731976
732000
732024
732048
732093
732138
732183
732221
732259
732297
732335
732373
732411
732449
732487
732525
732549
732573
732597
732621
732645
732669
732707
732745
732783
732821
732859
732897
732921
732945
732969
732993
733017
733041
733079
733117
733155
733179
733203
733227
733265
733303
733341
733379
733417
733455
733479
733503
733527
733558
733589
733620
733644
733668
733692
733730
733768
733806
733837
733868
733899
733923
733947
733971
734002
734033
734064
734088
734112
734136
734160
734184
734208
734232
734256
734280
734304
734328
734352
734376
734400
734424
734448
734472
734496
734541
734586
734631
734655
734679
734703
734734
734765
734796
734834
734872
734910
734948
734986
735024
735062
735100
735138
735176
735214
735252
735290
735328
735366
735411
735456
735501
735539
735577
735615
735667
735719
735771
735837
735903
735969
736014
736059
736104
736184
736264
736344
736396
736448
736500
736608
736716
736824
737016
737208
737400
737627
737854
738081
738105
738129
738153
738177
738201
738225
738249
738273
738297
738321
738345
738369
738393
738417
738441
738465
738489
738513
738537
738561
738585
738609
738633
738657
738681
738705
738729
738753
738777
738801
738825
738849
738873
738897
738921
738945
738969
738993
739017
739041
739065
739089
739113
739137
739161
739185
739209
739233
739257
739281
739305
739329
739353
739377
739401
739425
739449
739473
739497
739521
739545
739569
739593
739617
739641
739665
739689
739713
739737
739761
739785
739809
739833
739857
739881
739905
739929
739953
739977
740001
740025
740049
740073
740097
740121
740145
740169
740193
740217
740241
740265
740289
740313
740337
740361
740385
740409
740433
740457
740481
740505
740529
740553
740577
740601
740625
740649
740673
740697
740721
740745
740769
740793
740817
740841
740865
740889
740913
740937
740961
740985
741009
741033
741057
741081
741105
741129
741153
741177
741201
741225
741249
741273
741297
741321
741345
741369
741393
741417
741441
741465
741489
741513
741537
741561
741585
741609
741633
741657
741681
741719
741757
741795
741826
741857
741888
741912
741936
741960
741998
742036
742074
742112
742150
742188
742226
742264
742302
742340
742378
742416
742454
742492
742530
742561
742592
742623
742661
742699
742737
742775
742813
742851
742875
742899
742923
742954
742985
743016
743040
743064
743088
743126
743164
743202
743240
743278
743316
743354
743392
743430
743468
743506
743544
743575
743606
743637
743661
743685
743709
743747
743785
743823
743854
743885
743916
743947
743978
744009
744047
744085
744123
744147
744171
744195
744233
744271
744309
744347
744385
744423
744447
744471
744495
744519
744543
744567
744605
744643
744681
744719
744757
744795
744819
744843
744867
744891
744915
744939
744970
745001
745032
745063
745094
745125
745156
745187
745218
745249
745280
745311
745342
745373
745404
745428
745452
745476
745500
745524
745548
745579
745610
745641
745672
745703
745734
745786
745838
745890
745942
745994
746046
746084
746122
746160
746226
746292
746358
746431
746504
746577
746657
746737
746817
746876
746935
746994
747116
747238
747360
747384
747408
747432
747463
747494
747525
747549
747573
747597
747621
747645
747669
747700
747731
747762
747793
747824
747855
747879
747903
747927
747958
747989
748020
748051
748082
748113
748137
748161
748185
748216
748247
748278
748309
748340
748371
748395
748419
748443
748474
748505
748536
748567
748598
748629
748653
748677
748701
748732
748763
748794
748818
748842
748866
748897
748928
748959
748990
749021
749052
749076
749100
749124
749155
749186
749217
749248
749279
749310
749341
749372
749403
749434
749465
749496
749527
749558
749589
749613
749637
749661
749685
749709
749733
749764
749795
749826
749850
749874
749898
749922
749946
749970
750001
750032
750063
750087
750111
750135
750166
750197
750228
750252
750276
750300
750324
750348
750372
750396
750420
750444
750468
750492
750516
750547
750578
750609
750633
750657
750681
750705
750729
750753
750777
750801
750825
750849
750873
750897
750928
750959
750990
751014
751038
751062
751086
751110
751134
751158
751182
751206
751230
751254
751278
751302
751326
751350
751381
751412
751443
751474
751505
751536
751560
751584
751608
751639
751670
751701
751725
751749
751773
751804
751835
751866
751897
751928
751959
751990
752021
752052
752076
752100
752124
752155
752186
752217
752241
752265
752289
752313
752337
752361
752385
752409
752433
752471
752509
752547
752578
752609
752640
752671
752702
752733
752764
752795
752826
752857
752888
752919
752957
752995
753033
753078
753123
753168
753206
753244
753282
753327
753372
753417
753462
753507
753552
753590
753628
753666
753704
753742
753780
753825
753870
753915
753946
753977
754008
754053
754098
754143
754188
754233
754278
754316
754354
754392
754444
754496
754548
754593
754638
754683
754735
754787
754839
754884
754929
754974
755012
755050
755088
755140
755192
755244
755296
755348
755400
755452
755504
755556
755608
755660
755712
755771
755830
755889
755941
755993
756045
756097
756149
756201
756253
756305
756357
756409
756461
756513
756586
756659
756732
756798
756864
756930
756989
757048
757107
757173
757239
757305
757371
757437
757503
757576
757649
757722
757795
757868
757941
758007
758073
758139
758219
758299
758379
758459
758539
758619
758706
758793
758880
758946
759012
759078
759172
759266
759360
759475
759590
759705
759925
760145
760365
760389
760413
760437
760461
760485
760509
760533
760557
760581
760605
760629
760653
760677
760701
760725
760749
760773
760797
760821
760845
760869
760893
760917
760941
760965
760989
761013
761037
761061
761085
761109
761133
761157
761181
761205
761229
761253
761277
761301
761325
761349
761373
761397
761421
761445
761469
761493
761517
761541
761565
761589
761613
761637
761661
761685
761709
761733
761757
761781
761805
761829
761853
761877
761901
761925
761949
761973
761997
762021
762045
762069
762093
762117
762141
762165
762189
762213
762237
762261
762285
762309
762333
762357
762381
762405
762429
762453
762477
762501
762525
762549
762573
762597
762621
762645
762669
762693
762717
762741
762765
762789
762813
762837
762861
762885
762909
762933
762957
762981
763005
763029
763053
763077
763101
763125
763149
763173
763197
763221
763245
763269
763293
763317
763341
763365
763389
763413
763437
763461
763485
763509
763533
763557
763581
763605
763629
763653
763677
763701
763725
763749
763773
763797
763821
763845
763869
763893
763917
763941
763965
763989
764013
764037
764061
764085
764109
764133
764157
764181
764205
764229
764253
764277
764301
764325
764349
764373
764397
764421
764445
764469
764493
764517
764541
764565
764589
764613
764637
764661
764685
764709
764733
764757
764781
764805
764829
764853
764877
764901
764925
764949
764973
764997
765021
765045
765069
765093
765117
765141
765165
765189
765213
765237
765261
765285
765309
765333
765357
765381
765405
765429
765453
765477
765501
765525
765549
765573
765597
765621
765645
765669
765693
765717
765741
765765
765789
765813
765837
765861
765885
765909
765933
765957
765981
766005
766029
766053
766077
766101
766125
766149
766173
766197
766221
766245
766269
766293
766317
766341
766365
766389
766413
766437
766461
766485
766516
766547
766578
766609
766640
766671
766702
766733
766764
766795
766826
766857
766881
766905
766929
766953
766977
767001
767032
767063
767094
767125
767156
767187
767218
767249
767280
767304
767328
767352
767383
767414
767445
767476
767507
767538
767569
767600
767631
767662
767693
767724
767755
767786
767817
767848
767879
767910
767941
767972
768003
768027
768051
768075
768106
768137
768168
768192
768216
768240
768271
768302
768333
768364
768395
768426
768450
768474
768498
768529
768560
768591
768615
768639
768663
768687
768711
768735
768766
768797
768828
768859
768890
768921
768952
768983
769014
769045
769076
769107
769138
769169
769200
769231
769262
769293
769324
769355
769386
769417
769448
769479
769503
769527
769551
769575
769599
769623
769661
769699
769737
769775
769813
769851
769889
769927
769965
770017
770069
770121
770166
770211
770256
770441
770626
770811