0
30
60
90
120
150
180
216
252
288
324
360
396
414
432
450
468
486
504
552
600
648
696
744
792
810
828
846
864
882
900
918
936
954
972
990
1008
1056
1104
1152
1200
1248
1296
1314
1332
1350
1368
1386
1404
1440
1476
1512
1548
1584
1620
1653
1686
1719
1752
1785
1818
1854
1890
1926
1962
1998
2034
2070
2106
2142
2178
2214
2250
2271
2292
2313
2334
2355
2376
2418
2460
2502
2544
2586
2628
2646
2664
2682
2700
2718
2736
2754
2772
2790
2808
2826
2844
2880
2916
2952
2988
3024
3060
3090
3120
3150
3180
3210
3240
3270
3300
3330
3360
3390
3420
3450
3480
3510
3540
3570
3600
3630
3660
3690
3720
3750
3780
3816
3852
3888
3924
3960
3996
4014
4032
4050
4068
4086
4104
4140
4176
4212
4248
4284
4320
4353
4386
4419
4452
4485
4518
4548
4578
4608
4638
4668
4698
4728
4758
4788
4818
4848
4878
4920
4962
5004
5046
5088
5130
5148
5166
5184
5202
5220
5238
5286
5334
5382
5430
5478
5526
5544
5562
5580
5598
5616
5634
5652
5670
5688
5706
5724
5742
5790
5838
5886
5934
5982
6030
6048
6066
6084
6102
6120
6138
6182
6229
6276
6322
6368
6414
6430
6446
6462
6477
6493
6537
6584
6631
6677
6723
6769
6787
6805
6823
6841
6859
6877
6925
6973
7021
7069
7117
7165
7183
7201
7219
7237
7255
7273
7291
7309
7327
7345
7363
7381
7429
7477
7525
7573
7621
7669
7687
7705
7723
7741
7759
7777
7819
7861
7903
7945
7987
8029
8059
8089
8119
8149
8179
8209
8239
8269
8299
8329
8359
8389
8422
8455
8488
8521
8554
8587
8623
8659
8695
8731
8767
8803
8821
8839
8857
8875
8893
8911
8947
8983
9019
9055
9091
9127
9157
9187
9217
9247
9277
9307
9337
9367
9397
9427
9457
9487
9517
9547
9577
9607
9637
9667
9697
9727
9757
9787
9817
9847
9883
9919
9955
9991
10027
10063
10081
10099
10117
10135
10153
10171
10189
10207
10225
10243
10261
10279
10321
10363
10405
10447
10489
10531
10552
10573
10594
10615
10636
10657
10693
10729
10765
10801
10837
10873
10909
10945
10981
11017
11053
11089
11122
11155
11188
11221
11254
11287
11323
11359
11395
11431
11467
11503
11521
11539
11557
11575
11593
11611
11659
11707
11755
11803
11851
11899
11917
11935
11953
11971
11989
12007
12025
12043
12061
12079
12097
12115
12163
12211
12259
12307
12355
12403
12421
12439
12457
12475
12493
12511
12547
12583
12619
12655
12691
12727
12757
12787
12817
12847
12877
12907
12943
12979
13015
13051
13087
13123
13141
13159
13177
13195
13213
13231
13279
13327
13375
13423
13471
13519
13537
13555
13573
13591
13609
13627
13645
13663
13681
13699
13717
13735
13783
13831
13879
13927
13975
14023
14041
14059
14077
14095
14113
14131
14167
14203
14239
14275
14311
14347
14380
14413
14446
14479
14512
14545
14581
14617
14653
14689
14725
14761
14797
14833
14869
14905
14941
14977
14998
15019
15040
15061
15082
15103
15145
15187
15229
15271
15313
15355
15373
15391
15409
15427
15445
15463
15481
15499
15517
15535
15553
15571
15607
15643
15679
15715
15751
15787
15817
15847
15877
15907
15937
15967
15997
16027
16057
16087
16117
16147
16177
16207
16237
16267
16297
16327
16357
16387
16417
16447
16477
16507
16543
16579
16615
16651
16687
16723
16741
16759
16777
16795
16813
16831
16867
16903
16939
16975
17011
17047
17080
17113
17146
17179
17212
17245
17275
17305
17335
17365
17395
17425
17455
17485
17515
17545
17575
17605
17647
17689
17731
17773
17815
17857
17875
17893
17911
17929
17947
17965
18013
18061
18109
18157
18205
18253
18271
18289
18307
18325
18343
18361
18379
18397
18415
18433
18451
18469
18517
18565
18613
18661
18709
18757
18775
18793
18811
18829
18847
18865
18909
18956
19003
19049
19095
19141
19157
19173
19189
19204
19220
19264
19311
19358
19404
19450
19496
19514
19532
19550
19568
19586
19604
19652
19700
19748
19796
19844
19892
19910
19928
19946
19964
19982
20000
20018
20036
20054
20072
20090
20108
20156
20204
20252
20300
20348
20396
20414
20432
20450
20468
20486
20504
20546
20588
20630
20672
20714
20756
20786
20816
20846
20876
20906
20936
20966
20996
21026
21056
21086
21116
21149
21182
21215
21248
21281
21314
21350
21386
21422
21458
21494
21530
21548
21566
21584
21602
21620
21638
21674
21710
21746
21782
21818
21854
21884
21914
21944
21974
22004
22034
22064
22094
22124
22154
22184
22214
22244
22274
22304
22334
22364
22394
22424
22454
22484
22514
22544
22574
22610
22646
22682
22718
22754
22790
22808
22826
22844
22862
22880
22898
22916
22934
22952
22970
22988
23006
23048
23090
23132
23174
23216
23258
23279
23300
23321
23342
23363
23384
23420
23456
23492
23528
23564
23600
23636
23672
23708
23744
23780
23816
23849
23882
23915
23948
23981
24014
24050
24086
24122
24158
24194
24230
24248
24266
24284
24302
24320
24338
24386
24434
24482
24530
24578
24626
24644
24662
24680
24698
24716
24734
24752
24770
24788
24806
24824
24842
24890
24938
24986
25034
25082
25130
25148
25166
25184
25202
25220
25238
25274
25310
25346
25382
25418
25454
25496
25538
25580
25622
25664
25706
25748
25790
25832
25874
25916
25958
26006
26054
26097
26144
26190
26236
26284
26332
26375
26422
26468
26514
26556
26598
26640
26682
26724
26766
26808
26850
26892
26934
26976
27018
27063
27108
27153
27198
27243
27288
27336
27384
27432
27480
27528
27576
27630
27684
27738
27792
27846
27900
27954
28008
28062
28116
28170
28224
28278
28332
28386
28440
28494
28548
28602
28656
28702
28754
28805
28856
28910
28964
29010
29062
29113
29164
29218
29272
29326
29380
29434
29488
29542
29596
29650
29704
29758
29812
29866
29920
29974
30028
30082
30136
30184
30232
30280
30328
30376
30424
30469
30514
30559
30604
30649
30694
30742
30790
30838
30886
30934
30982
31036
31090
31144
31198
31252
31306
31360
31414
31468
31522
31576
31630
31684
31738
31792
31846
31900
31954
32008
32062
32116
32170
32224
32278
32332
32386
32440
32494
32548
32602
32656
32710
32756
32808
32859
32910
32964
33018
33064
33116
33167
33218
33272
33326
33380
33434
33488
33542
33596
33650
33704
33758
33812
33866
33920
33974
34028
34082
34136
34190
34244
34298
34352
34406
34460
34514
34568
34622
34676
34730
34784
34838
34886
34934
34982
35030
35078
35126
35174
35222
35270
35318
35366
35414
35468
35522
35576
35630
35684
35738
35792
35846
35900
35954
36008
36062
36116
36170
36224
36278
36332
36386
36440
36494
36548
36602
36656
36710
36764
36818
36872
36926
36980
37034
37088
37142
37196
37250
37304
37358
37412
37466
37512
37564
37615
37666
37720
37774
37820
37872
37923
37974
38028
38082
38136
38190
38244
38298
38352
38406
38460
38514
38568
38622
38676
38730
38784
38838
38892
38946
39000
39054
39108
39162
39216
39270
39324
39378
39432
39486
39540
39594
39648
39702
39756
39810
39864
39918
39966
40014
40062
40110
40158
40206
40251
40296
40341
40386
40431
40476
40530
40584
40638
40692
40746
40800
40854
40908
40962
41016
41070
41124
41178
41232
41286
41340
41394
41448
41502
41556
41610
41664
41718
41772
41826
41880
41934
41988
42042
42096
42150
42204
42258
42312
42366
42420
42474
42528
42582
42636
42690
42744
42798
42852
42898
42950
43001
43052
43106
43160
43206
43258
43309
43360
43414
43468
43522
43576
43630
43684
43738
43792
43846
43900
43954
44008
44062
44116
44170
44224
44278
44332
44386
44440
44494
44548
44602
44656
44710
44764
44818
44872
44926
44980
45034
45088
45142
45196
45250
45304
45358
45412
45466
45520
45574
45628
45673
45718
45763
45808
45853
45898
45955
46012
46069
46126
46183
46240
46294
46348
46402
46456
46510
46564
46618
46672
46726
46780
46834
46888
46942
46996
47050
47104
47158
47212
47266
47320
47374
47428
47482
47536
47590
47644
47698
47752
47806
47860
47914
47968
48022
48076
48130
48184
48238
48292
48346
48400
48454
48508
48562
48616
48662
48714
48765
48816
48870
48924
48970
49022
49073
49124
49178
49232
49286
49340
49394
49448
49502
49556
49610
49664
49718
49772
49826
49880
49934
49988
50042
50096
50150
50204
50258
50312
50366
50420
50474
50528
50582
50636
50690
50744
50798
50852
50906
50960
51014
51068
51122
51176
51230
51284
51338
51392
51449
51506
51563
51620
51677
51734
51782
51830
51878
51926
51974
52022
52076
52130
52184
52238
52292
52346
52400
52454
52508
52562
52616
52670
52724
52778
52832
52886
52940
52994
53048
53102
53156
53210
53264
53318
53372
53426
53480
53534
53588
53642
53696
53750
53804
53858
53912
53966
54020
54074
54128
54182
54236
54290
54344
54398
54452
54506
54560
54614
54668
54722
54768
54820
54871
54922
54976
55030
55076
55128
55179
55230
55284
55338
55392
55446
55500
55554
55608
55662
55716
55770
55824
55878
55932
55986
56040
56094
56148
56202
56256
56310
56364
56418
56472
56526
56580
56634
56688
56742
56796
56850
56904
56958
57012
57066
57120
57174
57228
57282
57336
57390
57444
57498
57552
57606
57660
57714
57768
57822
57870
57918
57966
58014
58062
58110
58161
58212
58263
58314
58365
58416
58470
58524
58578
58632
58686
58740
58794
58848
58902
58956
59010
59064
59118
59172
59226
59280
59334
59388
59442
59496
59550
59604
59658
59712
59766
59820
59874
59928
59982
60036
60090
60144
60198
60252
60306
60360
60414
60468
60522
60576
60630
60684
60738
60792
60846
60900
60954
61008
61062
61116
61162
61214
61265
61316
61370
61424
61470
61522
61573
61624
61678
61732
61786
61840
61894
61948
62002
62056
62110
62164
62218
62272
62326
62380
62434
62488
62542
62596
62650
62704
62758
62812
62866
62920
62974
63028
63082
63136
63190
63244
63298
63352
63406
63460
63514
63568
63622
63676
63730
63784
63838
63892
63946
64000
64054
64108
64162
64216
64267
64318
64369
64420
64471
64522
64576
64630
64684
64738
64792
64846
64900
64954
65008
65062
65116
65170
65224
65278
65332
65386
65440
65494
65548
65602
65656
65710
65764
65818
65872
65926
65980
66034
66088
66142
66196
66250
66304
66358
66412
66466
66520
66574
66628
66682
66736
66790
66844
66898
66952
67006
67060
67114
67168
67222
67276
67330
67384
67438
67492
67546
67592
67644
67695
67746
67800
67854
67900
67952
68003
68054
68108
68162
68216
68270
68324
68378
68432
68486
68540
68594
68648
68702
68756
68810
68864
68918
68972
69026
69080
69134
69188
69242
69296
69350
69404
69458
69512
69566
69620
69674
69728
69782
69836
69890
69944
69998
70052
70106
70160
70214
70268
70322
70376
70430
70484
70538
70592
70646
70700
70754
70808
70862
70916
70970
71024
71078
71132
71186
71240
71294
71348
71402
71456
71510
71564
71618
71672
71726
71780
71834
71888
71942
71996
72050
72104
72158
72212
72266
72320
72374
72428
72482
72536
72590
72644
72698
72752
72806
72860
72914
72968
73022
73076
73130
73184
73238
73292
73346
73400
73454
73508
73562
73616
73670
73724
73778
73832
73886
73940
73994
74040
74092
74143
74194
74248
74302
74348
74400
74451
74502
74556
74610
74664
74718
74772
74826
74880
74934
74988
75042
75096
75150
75204
75258
75312
75366
75420
75474
75528
75582
75636
75690
75744
75798
75852
75906
75960
76014
76068
76122
76176
76230
76284
76338
76392
76446
76500
76554
76608
76662
76716
76770
76824
76878
76932
76986
77040
77094
77148
77202
77256
77310
77364
77418
77467
77521
77575
77627
77679
77732
77778
77832
77886
77937
77988
78040
78086
78140
78194
78245
78296
78348
78394
78448
78502
78553
78604
78656
78702
78756
78810
78861
78912
78964
79010
79064
79118
79169
79220
79272
79318
79372
79426
79477
79528
79580
79626
79680
79734
79785
79836
79888
79934
79988
80042
80093
80144
80196
80241
80292
80337
80385
80430
80478
80523
80574
80619
80667
80712
80760
80806
80860
80914
80965
81016
81068
81114
81168
81222
81273
81324
81376
81422
81476
81530
81581
81632
81684
81730
81784
81838
81889
81940
81992
82038
82092
82146
82197
82248
82300
82346
82400
82454
82505
82556
82608
82654
82708
82762
82813
82864
82916
82962
83016
83070
83121
83172
83224
83273
83327
83381
83433
83485
83538
83587
83641
83695
83747
83799
83852
83898
83952
84006
84057
84108
84160
84206
84260
84314
84365
84416
84468
84514
84568
84622
84673
84724
84776
84822
84876
84930
84981
85032
85084
85130
85184
85238
85289
85340
85392
85438
85492
85546
85597
85648
85700
85746
85800
85854
85905
85956
86008
86054
86108
86162
86213
86264
86316
86361
86412
86457
86505
86550
86598
86643
86694
86739
86787
86832
86880
86926
86980
87034
87085
87136
87188
87234
87288
87342
87393
87444
87496
87542
87596
87650
87701
87752
87804
87850
87904
87958
88009
88060
88112
88158
88212
88266
88317
88368
88420
88466
88520
88574
88625
88676
88728
88774
88828
88882
88933
88984
89036
89082
89136
89190
89241
89292
89344
89393
89447
89501
89553
89605
89658
89712
89766
89820
89874
89928
89982
90036
90090
90144
90198
90252
90306
90360
90414
90468
90522
90576
90630
90684
90738
90792
90846
90900
90954
91008
91062
91116
91170
91224
91278
91332
91386
91440
91494
91548
91602
91656
91710
91764
91818
91872
91926
91980
92034
92088
92142
92196
92250
92304
92358
92412
92466
92520
92574
92628
92682
92728
92780
92831
92882
92936
92990
93036
93088
93139
93190
93244
93298
93352
93406
93460
93514
93568
93622
93676
93730
93784
93838
93892
93946
94000
94054
94108
94162
94216
94270
94324
94378
94432
94486
94540
94594
94648
94702
94756
94810
94864
94918
94972
95026
95080
95134
95188
95242
95296
95350
95404
95458
95512
95566
95620
95674
95728
95782
95836
95890
95944
95998
96052
96106
96160
96214
96268
96322
96376
96430
96484
96538
96592
96646
96700
96754
96808
96862
96916
96970
97024
97078
97132
97186
97240
97294
97348
97402
97456
97510
97564
97618
97672
97726
97780
97834
97888
97942
97996
98050
98104
98158
98212
98266
98320
98374
98428
98482
98536
98590
98644
98698
98752
98806
98860
98914
98968
99022
99076
99130
99176
99228
99279
99330
99384
99438
99484
99536
99587
99638
99692
99746
99800
99854
99908
99962
100016
100070
100124
100178
100232
100286
100340
100394
100448
100502
100556
100610
100664
100718
100772
100826
100880
100934
100988
101042
101096
101150
101204
101258
101312
101366
101420
101474
101528
101582
101636
101690
101744
101798
101852
101906
101960
102014
102068
102122
102176
102230
102284
102338
102392
102446
102500
102554
102605
102656
102707
102758
102809
102860
102914
102968
103022
103076
103130
103184
103238
103292
103346
103400
103454
103508
103562
103616
103670
103724
103778
103832
103886
103940
103994
104048
104102
104156
104210
104264
104318
104372
104426
104480
104534
104588
104642
104696
104750
104804
104858
104912
104966
105020
105074
105128
105182
105236
105290
105344
105398
105452
105506
105560
105606
105658
105709
105760
105814
105868
105914
105966
106017
106068
106122
106176
106230
106284
106338
106392
106446
106500
106554
106608
106662
106716
106770
106824
106878
106932
106986
107040
107094
107148
107202
107256
107310
107364
107418
107472
107526
107580
107634
107688
107742
107796
107850
107904
107958
108012
108066
108120
108174
108228
108282
108336
108390
108444
108498
108552
108606
108660
108711
108762
108813
108864
108915
108966
109014
109062
109110
109158
109206
109254
109308
109362
109416
109470
109524
109578
109632
109686
109740
109794
109848
109902
109956
110010
110064
110118
110172
110226
110280
110334
110388
110442
110496
110550
110604
110658
110712
110766
110820
110874
110928
110982
111036
111090
111144
111198
111252
111306
111360
111414
111468
111522
111576
111630
111684
111738
111792
111846
111900
111954
112000
112052
112103
112154
112208
112262
112308
112360
112411
112462
112516
112570
112624
112678
112732
112786
112840
112894
112948
113002
113056
113110
113164
113218
113272
113326
113380
113434
113488
113542
113596
113650
113704
113758
113812
113866
113920
113974
114028
114082
114136
114190
114244
114298
114352
114406
114460
114514
114568
114622
114676
114730
114784
114838
114892
114946
115000
115054
115102
115150
115198
115246
115294
115342
115399
115456
115513
115570
115627
115684
115738
115792
115846
115900
115954
116008
116062
116116
116170
116224
116278
116332
116386
116440
116494
116548
116602
116656
116710
116764
116818
116872
116926
116980
117034
117088
117142
117196
117250
117304
117358
117412
117466
117520
117574
117628
117682
117736
117790
117844
117898
117952
118006
118060
118106
118158
118209
118260
118314
118368
118414
118466
118517
118568
118622
118676
118730
118784
118838
118892
118946
119000
119054
119108
119162
119216
119270
119324
119378
119432
119486
119540
119594
119648
119702
119756
119810
119864
119918
119972
120026
120080
120134
120188
120242
120296
120350
120404
120458
120512
120566
120620
120674
120728
120782
120836
120893
120950
121007
121064
121121
121178
121223
121268
121313
121358
121403
121448
121502
121556
121610
121664
121718
121772
121826
121880
121934
121988
122042
122096
122150
122204
122258
122312
122366
122420
122474
122528
122582
122636
122690
122744
122798
122852
122906
122960
123014
123068
123122
123176
123230
123284
123338
123392
123446
123500
123554
123608
123662
123716
123770
123824
123870
123922
123973
124024
124078
124132
124178
124230
124281
124332
124386
124440
124494
124548
124602
124656
124710
124764
124818
124872
124926
124980
125034
125088
125142
125196
125250
125304
125358
125412
125466
125520
125574
125628
125682
125736
125790
125844
125898
125952
126006
126060
126114
126168
126222
126276
126330
126384
126438
126492
126546
126600
126645
126690
126735
126780
126825
126870
126918
126966
127014
127062
127110
127158
127212
127266
127320
127374
127428
127482
127536
127590
127644
127698
127752
127806
127860
127914
127968
128022
128076
128130
128184
128238
128292
128346
128400
128454
128508
128562
128616
128670
128724
128778
128832
128886
128940
128994
129048
129102
129156
129210
129256
129308
129359
129410
129464
129518
129564
129616
129667
129718
129772
129826
129880
129934
129988
130042
130096
130150
130204
130258
130312
130366
130420
130474
130528
130582
130636
130690
130744
130798
130852
130906
130960
131014
131068
131122
131176
131230
131284
131338
131392
131446
131500
131554
131608
131662
131710
131758
131806
131854
131902
131950
131998
132046
132094
132142
132190
132238
132292
132346
132400
132454
132508
132562
132616
132670
132724
132778
132832
132886
132940
132994
133048
133102
133156
133210
133264
133318
133372
133426
133480
133534
133588
133642
133696
133750
133804
133858
133912
133966
134012
134064
134115
134166
134220
134274
134320
134372
134423
134474
134528
134582
134636
134690
134744
134798
134852
134906
134960
135014
135068
135122
135176
135230
135284
135338
135392
135446
135500
135554
135608
135662
135716
135770
135824
135878
135932
135986
136040
136094
136142
136190
136238
136286
136334
136382
136427
136472
136517
136562
136607
136652
136700
136748
136796
136844
136892
136940
136994
137048
137102
137156
137210
137264
137318
137372
137426
137480
137534
137588
137642
137696
137750
137804
137858
137912
137966
138020
138066
138118
138169
138220
138274
138328
138374
138426
138477
138528
138582
138636
138690
138744
138798
138852
138906
138960
139014
139068
139122
139176
139230
139284
139338
139392
139446
139500
139548
139596
139644
139692
139740
139788
139833
139878
139923
139968
140013
140058
140100
140142
140184
140226
140268
140310
140352
140394
140436
140478
140520
140562
140610
140658
140701
140748
140794
140840
140888
140936
140979
141026
141072
141118
141160
141202
141244
141286
141328
141370
141412
141454
141496
141538
141580
141622
141661
141700
141739
141778
141817
141856
141892
141928
141964
142000
142036
142072
142108
142144
142180
142216
142252
142288
142324
142360
142396
142432
142468
142504
142540
142576
142612
142648
142684
142720
142759
142798
142837
142876
142915
142954
142990
143026
143062
143098
143134
143170
143206
143242
143278
143314
143350
143386
143422
143458
143494
143530
143566
143602
143638
143674
143710
143746
143782
143818
143854
143890
143926
143962
143998
144034
144070
144106
144142
144178
144214
144250
144286
144322
144358
144394
144430
144466
144502
144538
144574
144610
144646
144682
144718
144754
144790
144826
144862
144898
144934
144970
145006
145042
145078
145114
145150
145186
145222
145258
145294
145330
145366
145402
145438
145474
145510
145546
145582
145618
145654
145690
145726
145762
145798
145834
145870
145906
145942
145978
146014
146050
146086
146122
146158
146194
146230
146266
146302
146338
146374
146410
146446
146482
146518
146554
146590
146626
146662
146698
146734
146770
146806
146842
146872
146902
146932
146962
146992
147022
147052
147082
147112
147142
147172
147202
147232
147262
147292
147322
147352
147382
147412
147442
147472
147502
147532
147562
147592
147622
147652
147682
147712
147742
147772
147802
147832
147862
147892
147922
147952
147982
148012
148042
148072
148102
148138
148174
148210
148246
148282
148318
148354
148390
148426
148462
148498
148534
148570
148606
148642
148678
148714
148750
148786
148822
148858
148894
148930
148966
149002
149038
149074
149110
149146
149182
149218
149254
149290
149326
149362
149398
149434
149470
149506
149542
149578
149614
149650
149686
149722
149758
149794
149830
149866
149902
149938
149974
150010
150046
150082
150118
150154
150190
150226
150262
150298
150334
150370
150406
150442
150478
150514
150550
150586
150622
150658
150694
150730
150766
150802
150838
150874
150910
150949
150988
151027
151066
151105
151144
151180
151216
151252
151288
151324
151360
151396
151432
151468
151504
151540
151576
151612
151648
151684
151720
151756
151792
151828
151864
151900
151936
151972
152008
152044
152080
152116
152152
152188
152224
152260
152296
152332
152368
152404
152440
152476
152512
152548
152584
152620
152656
152692
152728
152764
152800
152836
152872
152908
152944
152980
153016
153052
153088
153127
153166
153205
153244
153283
153322
153364
153406
153448
153490
153532
153574
153616
153658
153700
153742
153784
153826
153862
153898
153934
153970
154006
154042
154078
154114
154150
154186
154222
154258
154294
154330
154366
154402
154438
154474
154510
154546
154582
154618
154654
154690
154726
154762
154798
154834
154870
154906
154942
154978
155014
155050
155086
155122
155158
155194
155230
155266
155302
155338
155374
155410
155446
155482
155518
155554
155590
155626
155662
155698
155734
155770
155806
155842
155878
155914
155950
155986
156022
156058
156094
156130
156166
156202
156232
156262
156292
156322
156352
156382
156412
156442
156472
156502
156532
156562
156592
156622
156652
156682
156712
156742
156772
156802
156832
156862
156892
156922
156952
156982
157012
157042
157072
157102
157132
157162
157192
157222
157252
157282
157312
157342
157372
157402
157432
157462
157498
157534
157570
157606
157642
157678
157714
157750
157786
157822
157858
157894
157930
157966
158002
158038
158074
158110
158146
158182
158218
158254
158290
158326
158362
158398
158434
158470
158506
158542
158578
158614
158650
158686
158722
158758
158794
158830
158866
158902
158938
158974
159010
159046
159082
159118
159154
159190
159226
159262
159298
159334
159370
159406
159448
159490
159532
159574
159616
159658
159700
159742
159784
159826
159868
159910